{
 "cells": [
  {
   "cell_type": "code",
   "execution_count": 1,
   "id": "e892c555",
   "metadata": {},
   "outputs": [
    {
     "name": "stdout",
     "output_type": "stream",
     "text": [
      "n1,n2,p,r,n,Y,X,CE0: 2 2 5 5 10 [1 1 0 2 2] [[ 1.          0.          0.          0.          0.        ]\n",
      " [-0.35485915  1.          0.          0.          0.        ]\n",
      " [ 0.73900147 -3.06739299  1.          0.          0.        ]\n",
      " [-0.41936066  2.07954916 -2.48001176  1.          0.        ]\n",
      " [ 0.8629648  -5.26684888  6.07259163 -2.00029337  1.        ]\n",
      " [-0.39781133  4.37513021  1.95567188 -1.20511879  2.90818423]\n",
      " [-1.23775551  0.96738502 -6.00479805  2.36192321 -6.35576004]\n",
      " [ 1.26812186 -6.24255548  2.10212715 -0.22108135  0.78150706]\n",
      " [-2.21902784 12.69620805 -3.64714684  0.1774518   3.02428501]\n",
      " [ 0.75872635 -6.54147509  1.001566   -0.1128815  -1.35821625]] [[ 1.          0.          0.          0.          0.        ]\n",
      " [-0.35485915  1.          0.          0.          0.        ]\n",
      " [ 0.73900147 -3.06739299  1.          0.          0.        ]\n",
      " [-0.41936066  2.07954916 -2.48001176  1.          0.        ]\n",
      " [ 0.8629648  -5.26684888  6.07259163 -2.00029337  1.        ]\n",
      " [-0.39781133  4.37513021  1.95567188 -1.20511879  2.90818423]\n",
      " [-1.23775551  0.96738502 -6.00479805  2.36192321 -6.35576004]\n",
      " [ 1.26812186 -6.24255548  2.10212715 -0.22108135  0.78150706]\n",
      " [-2.21902784 12.69620805 -3.64714684  0.1774518   3.02428501]\n",
      " [ 0.75872635 -6.54147509  1.001566   -0.1128815  -1.35821625]]\n",
      "id: [0 1 0 0]\n",
      "iflag2: (array([3, 4], dtype=int64),)\n",
      "id: [0 1 3 4]\n",
      "CE: [[ 1.          0.          0.          0.        ]\n",
      " [-0.35485915  1.          0.          0.        ]\n",
      " [ 0.73900147 -3.06739299  0.          0.        ]\n",
      " [-0.41936066  2.07954916  1.          0.        ]\n",
      " [ 0.8629648  -5.26684888 -2.00029337  1.        ]\n",
      " [-0.39781133  4.37513021 -1.20511879  2.90818423]\n",
      " [-1.23775551  0.96738502  2.36192321 -6.35576004]\n",
      " [ 1.26812186 -6.24255548 -0.22108135  0.78150706]\n",
      " [-2.21902784 12.69620805  0.1774518   3.02428501]\n",
      " [ 0.75872635 -6.54147509 -0.1128815  -1.35821625]]\n",
      "ET: [[ 1.         -0.35485915  0.73900147 -0.41936066  0.8629648  -0.39781133\n",
      "  -1.23775551  1.26812186 -2.21902784  0.75872635]\n",
      " [ 0.          1.         -3.06739299  2.07954916 -5.26684888  4.37513021\n",
      "   0.96738502 -6.24255548 12.69620805 -6.54147509]\n",
      " [ 0.          0.          0.          1.         -2.00029337 -1.20511879\n",
      "   2.36192321 -0.22108135  0.1774518  -0.1128815 ]\n",
      " [ 0.          0.          0.          0.          1.          2.90818423\n",
      "  -6.35576004  0.78150706  3.02428501 -1.35821625]]\n",
      "id: [ 0  1 -3 -4]\n"
     ]
    }
   ],
   "source": [
    "import numpy as np\n",
    "\n",
    "\n",
    "n1,n2,p,r,n = 2, 2, 5, 5, 10 \n",
    "Y=np.array([1, 1, 0, 2, 2],dtype=int) \n",
    "X=[[ 1.,          0.,          0.,          0.,          0.        ],\n",
    " [-0.35485915,  1. ,         0. ,         0.,          0.        ],\n",
    " [ 0.73900147, -3.06739299,  1. ,         0.,          0.        ],\n",
    " [-0.41936066,  2.07954916, -2.48001176,  1.,          0.        ],\n",
    " [ 0.8629648 , -5.26684888,  6.07259163, -2.00029337,  1.        ],\n",
    " [-0.39781133,  4.37513021,  1.95567188, -1.20511879,  2.90818423],\n",
    " [-1.23775551,  0.96738502, -6.00479805,  2.36192321, -6.35576004],\n",
    " [ 1.26812186, -6.24255548,  2.10212715, -0.22108135,  0.78150706],\n",
    " [-2.21902784, 12.69620805, -3.64714684,  0.1774518 ,  3.02428501],\n",
    " [ 0.75872635, -6.54147509,  1.001566 ,  -0.1128815,  -1.35821625]] \n",
    "CE0=[[ 1.,          0.     ,     0.    ,      0.   ,       0.        ],\n",
    " [-0.35485915,  1.        ,  0.         , 0.       ,   0.        ],\n",
    " [ 0.73900147, -3.06739299,  1.         , 0.       ,   0.        ],\n",
    " [-0.41936066,  2.07954916, -2.48001176,  1.       ,   0.        ],\n",
    " [ 0.8629648 , -5.26684888,  6.07259163, -2.00029337,  1.        ],\n",
    " [-0.39781133,  4.37513021,  1.95567188, -1.20511879,  2.90818423],\n",
    " [-1.23775551,  0.96738502, -6.00479805,  2.36192321, -6.35576004],\n",
    " [ 1.26812186, -6.24255548,  2.10212715, -0.22108135 , 0.78150706],\n",
    " [-2.21902784, 12.69620805, -3.64714684,  0.1774518 ,  3.02428501],\n",
    " [ 0.75872635, -6.54147509,  1.001566  , -0.1128815,  -1.35821625]]\n",
    "\n",
    "X=np.array(X)\n",
    "CE0=np.array(CE0)\n",
    "print('n1,n2,p,r,n,Y,X,CE0:',n1,n2,p,r,n,Y,X,CE0)\n",
    "d=min(n1+n2,r)\n",
    "id=np.zeros(d,dtype=int) # initialization\n",
    "id[:n1]=np.array(range(n1)) # the first n1 entries of Y are flag 1\n",
    "print('id:',id)\n",
    "iflag2=np.where(Y==2) # indices of flag 2 entries in Y\n",
    "print('iflag2:',iflag2)\n",
    "id[n1:d]=iflag2[0][:d-n1]\n",
    "print('id:',id)\n",
    "\n",
    "CE=np.hstack( ( CE0[:,:n1],X[:,id[n1:d]] ) ) # initialize CE as col echelon form of X\n",
    "print('CE:',CE)\n",
    "T=CE.T   # use EROs on the transpose, T=[U, *; V, W]\n",
    "# reduce the lower left block of T corresponding to the first n1 cols\n",
    "# to zero to get ET=[U, *; 0, Z] after EROs\n",
    "ET=T # initialization\n",
    "for j in range(n1):\n",
    "    ETi=-ET[j,j:n]\n",
    "    for i in range(n1,d):\n",
    "         ET[i,j:n]=ETi*ET[i,j] + ET[i,j:n]\n",
    "        \n",
    "# now, ET=[U, *; 0, Z]\n",
    "print('ET:',ET)\n",
    "num_npr=0  # no. of new pivot cols\n",
    "for i in range(n1,d): # first n1 rows of T are not changed\n",
    "    if np.abs(ET[i,n1:n]).sum() > 1e-10: # if the row is not a zero row\n",
    "        num_npr=num_npr+1\n",
    "        jz=np.abs(ET[i,n1:n]).argmax()  # find the entry with largest magnitude to used as pivot entry\n",
    "        jz=jz+1\n",
    "        ET[i,n1:n]=ET[i,n1:n]/ET[i,jz] # make the pivot entry 1\n",
    "        ETi=-ET[i,n1:n]\n",
    "        for k in range(i+1,d):\n",
    "            ET[k,n1:n]=ETi*ET[k,jz] + ET[k,n1:n] # EROs\n",
    "\n",
    "        id[i]=-id[i]\n",
    "        if num_npr==(r-n1):\n",
    "            break  # exit i loop\n",
    "\n",
    "print('id:',id)"
   ]
  },
  {
   "cell_type": "code",
   "execution_count": 1,
   "id": "4ad7d54a",
   "metadata": {},
   "outputs": [
    {
     "name": "stdout",
     "output_type": "stream",
     "text": [
      "d: 4\n",
      "cia: [0 1 2 4]\n",
      "E0[:,cia]: [[ 1.          0.10412586  0.26847841 -0.26748149]\n",
      " [ 0.          1.         -0.04793589  0.30766917]\n",
      " [ 0.          0.          1.          0.09300353]\n",
      " [ 0.          0.          0.          0.13185783]\n",
      " [ 0.          0.          0.          1.        ]]\n",
      "E0[:,p]: [-0.71659757  1.30504158 -0.48280264 -0.34393003  1.23647881]\n",
      "tempE[cia[:n1],:]: [[ 1.          0.10412586  0.26847841 -0.26748149 -0.71659757]\n",
      " [ 0.          1.         -0.04793589  0.30766917  1.30504158]\n",
      " [ 0.          0.          1.          0.09300353 -0.48280264]]\n",
      "cia[n1:d], np.concatenate((cia,[p])): [4] [0 1 2 4 5]\n",
      "E: [[ 1.00000000e+00  1.04125860e-01  2.68478410e-01 -2.67481490e-01\n",
      "  -7.16597570e-01]\n",
      " [ 0.00000000e+00  1.00000000e+00 -4.79358900e-02  3.07669170e-01\n",
      "   1.30504158e+00]\n",
      " [ 0.00000000e+00  0.00000000e+00  1.00000000e+00  9.30035300e-02\n",
      "  -4.82802640e-01]\n",
      " [-5.34962979e-01  5.52963246e-01 -6.26221819e-04  2.00000000e+00\n",
      "   3.02308269e+00]]\n",
      "E0: [[ 1.          0.10412586  0.26847841 -0.26748149 -0.71659757]\n",
      " [ 0.          1.         -0.04793589  0.30766917  1.30504158]\n",
      " [ 0.          0.          1.          0.09300353 -0.48280264]\n",
      " [ 0.          0.          0.          1.65362627  1.92852153]]\n",
      "E0: [[ 1.          0.10412586  0.26847841 -0.26748149 -0.71659757]\n",
      " [ 0.          1.         -0.04793589  0.30766917  1.30504158]\n",
      " [ 0.          0.          1.          0.09300353 -0.48280264]\n",
      " [ 0.          0.          0.          1.          1.16623784]]\n",
      "E0: [[ 1.          0.10412586  0.26847841 -0.26748149 -0.71659757]\n",
      " [ 0.          1.         -0.04793589  0.30766917  1.30504158]\n",
      " [ 0.          0.          1.          0.09300353 -0.48280264]\n",
      " [ 0.          0.          0.          1.          1.16623784]]\n",
      "xstar: [[-0.34148353]\n",
      " [ 0.91788325]\n",
      " [-0.59126688]\n",
      " [ 0.        ]\n",
      " [ 1.16623784]]\n"
     ]
    }
   ],
   "source": [
    "\n",
    "import numpy as np\n",
    "n1,n2,p,r= 3, 1, 5, 5\n",
    "id=np.array( [0,  1,  2, -4],dtype=int)\n",
    "A0 = [[ 2.00000000e+00,  2.08251723e-01,  5.36956829e-01,  5.54034111e-01,\n",
    "  -5.34962979e-01, -1.43319514e+00],\n",
    " [ 2.08251723e-01,  2.00000000e+00, -3.89212368e-02, -4.01675640e-01,\n",
    "   5.52963246e-01,  2.43255144e+00],\n",
    " [ 5.36956829e-01, -3.89212368e-02,  2.00000000e+00,  2.35982121e-01,\n",
    "  -6.26221819e-04, -1.40235114e+00],\n",
    " [ 5.54034111e-01, -4.01675640e-01,  2.35982121e-01,  2.00000000e+00,\n",
    "  -5.43499357e-02, -1.62559567e+00],\n",
    " [-5.34962979e-01,  5.52963246e-01, -6.26221819e-04, -5.43499357e-02,\n",
    "   2.00000000e+00,  3.02308269e+00]]\n",
    "E0= [[ 1. ,         0.10412586 , 0.26847841,  0.27701706, -0.26748149, -0.71659757],\n",
    " [ 0. ,         1. ,        -0.04793589, -0.23220002 , 0.30766917 , 1.30504158],\n",
    " [ 0. ,         0.,          1.,          0.03522719,  0.09300353, -0.48280264],\n",
    " [ 0. ,         0.,          0.,          1.,          0.13185783, -0.34393003],\n",
    " [ 0.,          0.,          0.,          0.,          1.,          1.23647881]]\n",
    "\n",
    "A0=np.array(A0)\n",
    "E0=np.array(E0)\n",
    "\n",
    "def updatelowerblock(A0):\n",
    "    \"\"\" \n",
    "    Input:\n",
    "    A0 = [U *; * *]\n",
    "    Output:\n",
    "    E0 = [U | rhs] is in rref\n",
    "    \"\"\"\n",
    "    E0=A0  # initialization\n",
    "    q=d+1  # no. of col of A0\n",
    "    # reduce the lower block to zero for the first n1 cols\n",
    "    for j in range(n1):\n",
    "        E0i=-E0[j,j:q]\n",
    "        for i in range(n1,d):\n",
    "            E0[i,j:q]=E0i*E0[i,j] + E0[i,j:q]\n",
    "\n",
    "    return E0\n",
    "\n",
    "def backsub(n,num_piv,E,idx_piv):\n",
    "\n",
    "    import numpy as np\n",
    "\n",
    "    x = np.zeros((n,1)) # initialize\n",
    "    for i in range(num_piv-1,-1,-1):\n",
    "        #print('i:',i)\n",
    "        sum=0\n",
    "        for j in range(i+1,num_piv):\n",
    "            #print('j:',j)\n",
    "            sum = sum + E[idx_piv[i],idx_piv[j]]*x[idx_piv[j]]\n",
    "            #print('sum:',sum)\n",
    "        \n",
    "        x[idx_piv[i]]=E[idx_piv[i],n] - sum\n",
    "        #print('idx[i]:',idx_piv[i])\n",
    "        #print('x:',x)\n",
    "\n",
    "    return x\n",
    "\n",
    "d=min(n1+n2,r)\n",
    "cia=np.zeros(d,dtype=int) # initialization\n",
    "cia[:n1]=np.array(range(n1)) # first n1 indices are flag 1\n",
    "bool_idx_cia=np.ones(d,dtype=bool) # to discard indices of dependent cols\n",
    "for j in range(n1,d):\n",
    "    if id[j]<0:\n",
    "        cia[j]=-id[j]\n",
    "    else:\n",
    "        d=d-1\n",
    "        bool_idx_cia[j]=False\n",
    "    \n",
    "cia = cia[bool_idx_cia]\n",
    "# drop the nonbasic cols correspond to flag 2 in the box and add RHS of the system [Q|d]\n",
    "print('d:',d)\n",
    "print('cia:',cia)\n",
    "print('E0[:,cia]:',E0[:,cia])\n",
    "print('E0[:,p]:',E0[:,p])\n",
    "tempE=np.hstack( ( E0[:,cia],E0[:,p].reshape((-1,1))) ) \n",
    "# recycle the first n1 rows of E0 and add last r-n1 rows of A0\n",
    "print('tempE[cia[:n1],:]:',tempE[cia[:n1],:])\n",
    "print('cia[n1:d], np.concatenate((cia,[p])):',cia[n1:d],np.concatenate((cia,[p])))\n",
    "     \n",
    "if n1<d:\n",
    "    #print('A0[cia[n1:d], np.concatenate((cia,[p])) ]:',A0[np.ix_(cia[n1:d], np.concatenate((cia,[p]))) ])\n",
    "    E=np.vstack( (tempE[cia[:n1],:],  A0[np.ix_( cia[n1:d], np.concatenate((cia,[p]))) ]  ) )\n",
    "    print('E:',E)\n",
    "    E0=updatelowerblock(E)\n",
    "else:\n",
    "    E0=tempE[cia[:n1],:]\n",
    "\n",
    "print('E0:',E0)\n",
    "for j in range(n1,d):\n",
    "        E0[j,j:(d+1)]=E0[j,j:(d+1)]/E0[j,j]\n",
    "        print('E0:',E0)\n",
    "        E0i=-E0[j,j:(d+1)]\n",
    "        for i in range(n1+1,d):\n",
    "            E0[i,j:(d+1)]=E0i*E0[i,j] + E0[i,j:(d+1)]\n",
    "            print('E0:',E0)\n",
    "\n",
    "print('E0:',E0)\n",
    "xr=backsub(d,d,E0,range(d)) # back sub\n",
    "xstar=np.zeros((p,1)) # initialization\n",
    "xstar[cia]=xr\n",
    "\n",
    "print('xstar:',xstar)\n",
    "\n",
    "\n"
   ]
  }
 ],
 "metadata": {
  "kernelspec": {
   "display_name": "base",
   "language": "python",
   "name": "python3"
  },
  "language_info": {
   "codemirror_mode": {
    "name": "ipython",
    "version": 3
   },
   "file_extension": ".py",
   "mimetype": "text/x-python",
   "name": "python",
   "nbconvert_exporter": "python",
   "pygments_lexer": "ipython3",
   "version": "3.12.7"
  }
 },
 "nbformat": 4,
 "nbformat_minor": 5
}
