{
 "cells": [
  {
   "cell_type": "code",
   "execution_count": 1,
   "id": "355280df",
   "metadata": {},
   "outputs": [
    {
     "name": "stdout",
     "output_type": "stream",
     "text": [
      "A,b,c: [[ 2.         -0.43321537 -0.38718364  0.3127824   0.15013229  0.1375394\n",
      "   0.39364434 -0.10275117  0.29911447  0.36855306  0.14775064  0.30807596\n",
      "   0.1789357   0.61363805  0.1978487 ]\n",
      " [-0.43321537  2.         -0.4034367   0.06003395  0.27447434 -0.44034308\n",
      "   0.39953207 -0.10268033  0.67683109  0.00387722 -0.32491852 -0.19718912\n",
      "  -0.10732524  0.29001961 -0.07452955]\n",
      " [-0.38718364 -0.4034367   2.          0.43650677 -0.19971997  0.05631599\n",
      "  -0.36711862  0.5500475  -0.01821072  0.13683684  0.17915302  0.34021332\n",
      "   0.01722377 -0.03666959 -0.20159699]\n",
      " [ 0.3127824   0.06003395  0.43650677  2.          0.53030187  0.47344675\n",
      "   0.22804934 -0.16496495  0.50193065  0.01415219  0.03761508  0.08422959\n",
      "   0.15507255  0.26621141 -0.00514938]\n",
      " [ 0.15013229  0.27447434 -0.19971997  0.53030187  2.         -0.30763509\n",
      "   0.03952184 -0.08000285  0.2969909  -0.56110656 -0.32821349  0.33319257\n",
      "   0.06031853  0.36035601  0.36961097]\n",
      " [ 0.1375394  -0.44034308  0.05631599  0.47344675 -0.30763509  2.\n",
      "  -0.29523905 -0.21034844  0.1968884  -0.35544984  0.37049217 -0.42760843\n",
      "  -0.27683181 -0.34501802 -0.67353576]\n",
      " [ 0.39364434  0.39953207 -0.36711862  0.22804934  0.03952184 -0.29523905\n",
      "   2.         -0.17774017  0.10095848  0.01735251 -0.04623576 -0.00420836\n",
      "   0.36867228  0.85585162  0.16802539]\n",
      " [-0.10275117 -0.10268033  0.5500475  -0.16496495 -0.08000285 -0.21034844\n",
      "  -0.17774017  2.         -0.0939546   0.1271311   0.27343976 -0.35989434\n",
      "  -0.21725195 -0.22973774  0.31425788]\n",
      " [ 0.29911447  0.67683109 -0.01821072  0.50193065  0.2969909   0.1968884\n",
      "   0.10095848 -0.0939546   2.         -0.13658668 -0.29211297 -0.17364703\n",
      "  -0.22939503  0.09713286 -0.6561548 ]\n",
      " [ 0.36855306  0.00387722  0.13683684  0.01415219 -0.56110656 -0.35544984\n",
      "   0.01735251  0.1271311  -0.13658668  2.         -0.02834831  0.16314474\n",
      "  -0.27578088  0.24486418  0.10312676]\n",
      " [ 0.14775064 -0.32491852  0.17915302  0.03761508 -0.32821349  0.37049217\n",
      "  -0.04623576  0.27343976 -0.29211297 -0.02834831  2.          0.47193076\n",
      "   0.24827466 -0.64184714  0.1208023 ]\n",
      " [ 0.30807596 -0.19718912  0.34021332  0.08422959  0.33319257 -0.42760843\n",
      "  -0.00420836 -0.35989434 -0.17364703  0.16314474  0.47193076  2.\n",
      "   0.20258876  0.06881167  0.34222648]\n",
      " [ 0.1789357  -0.10732524  0.01722377  0.15507255  0.06031853 -0.27683181\n",
      "   0.36867228 -0.21725195 -0.22939503 -0.27578088  0.24827466  0.20258876\n",
      "   2.         -0.45928674  0.15258123]\n",
      " [ 0.61363805  0.29001961 -0.03666959  0.26621141  0.36035601 -0.34501802\n",
      "   0.85585162 -0.22973774  0.09713286  0.24486418 -0.64184714  0.06881167\n",
      "  -0.45928674  2.          0.17423888]\n",
      " [ 0.1978487  -0.07452955 -0.20159699 -0.00514938  0.36961097 -0.67353576\n",
      "   0.16802539  0.31425788 -0.6561548   0.10312676  0.1208023   0.34222648\n",
      "   0.15258123  0.17423888  2.        ]] [[ 0.20640959]\n",
      " [ 0.78411772]\n",
      " [-2.7005922 ]\n",
      " [ 0.99323904]\n",
      " [ 3.2626938 ]\n",
      " [ 2.29244358]\n",
      " [ 0.50043518]\n",
      " [-0.32635794]\n",
      " [-1.70970559]\n",
      " [-3.06449929]\n",
      " [ 2.26567971]\n",
      " [-0.09047756]\n",
      " [ 1.84579882]\n",
      " [-2.25263136]\n",
      " [-0.94028025]] [[28.00625454]]\n",
      "p,k= 15 3\n",
      "x0,fx0: [[ 0.        ]\n",
      " [ 0.        ]\n",
      " [ 0.        ]\n",
      " [ 0.        ]\n",
      " [-2.05323718]\n",
      " [-1.2408537 ]\n",
      " [ 0.        ]\n",
      " [ 0.        ]\n",
      " [ 0.        ]\n",
      " [ 0.        ]\n",
      " [ 0.        ]\n",
      " [ 0.        ]\n",
      " [ 0.        ]\n",
      " [ 1.28220541]\n",
      " [ 0.        ]] 21.790250807469068\n",
      "ipiv0: [13  8  2  5 11  9 12  7  4  1 14 10  6  3  0]\n",
      "ipiv1: []\n",
      "npiv0, npiv00: 15 15\n",
      "Ahat: [[ 2.          0.13683684 -0.19971997]\n",
      " [ 0.13683684  2.         -0.56110656]\n",
      " [-0.19971997 -0.56110656  2.        ]]\n",
      "bhat: [[-2.7005922  -3.06449929  3.2626938 ]]\n",
      "c: [[28.00625454]]\n",
      "xout,fout: [[0.        ]\n",
      " [0.        ]\n",
      " [0.46735948]\n",
      " [0.        ]\n",
      " [0.        ]\n",
      " [0.10345239]\n",
      " [0.        ]\n",
      " [0.        ]\n",
      " [6.43064548]\n",
      " [0.        ]\n",
      " [0.        ]\n",
      " [0.        ]\n",
      " [0.        ]\n",
      " [0.        ]\n",
      " [0.        ]] 88.0237212187536\n",
      "xbest,fbest: [[0.        ]\n",
      " [0.        ]\n",
      " [0.46735948]\n",
      " [0.        ]\n",
      " [0.        ]\n",
      " [0.10345239]\n",
      " [0.        ]\n",
      " [0.        ]\n",
      " [6.43064548]\n",
      " [0.        ]\n",
      " [0.        ]\n",
      " [0.        ]\n",
      " [0.        ]\n",
      " [0.        ]\n",
      " [0.        ]] 88.0237212187536\n",
      "xlb : [[ 1.35110349]\n",
      " [ 2.20499068]\n",
      " [ 1.15791411]\n",
      " [-1.01492881]\n",
      " [-0.055813  ]\n",
      " [ 0.7269618 ]\n",
      " [-0.27341374]\n",
      " [-0.47745163]\n",
      " [-2.06872925]\n",
      " [-1.17714236]\n",
      " [ 1.41356498]\n",
      " [-0.73944908]\n",
      " [-0.54526257]\n",
      " [-0.49343988]\n",
      " [-0.6794007 ]]\n",
      "fxlb: 14.796718549026947\n",
      "Selected node Y: (14.796718549026947, 0, array([1, 1, 1, 1, 1, 1, 1, 1, 1, 1, 1, 1, 1, 1, 1]), 0, 15, 0, array([[ 1.35110349],\n",
      "       [ 2.20499068],\n",
      "       [ 1.15791411],\n",
      "       [-1.01492881],\n",
      "       [-0.055813  ],\n",
      "       [ 0.7269618 ],\n",
      "       [-0.27341374],\n",
      "       [-0.47745163],\n",
      "       [-2.06872925],\n",
      "       [-1.17714236],\n",
      "       [ 1.41356498],\n",
      "       [-0.73944908],\n",
      "       [-0.54526257],\n",
      "       [-0.49343988],\n",
      "       [-0.6794007 ]]))\n",
      "par_dir: [14 13 12 11 10  9  8  7  6  5  4  3  2  1  0]\n",
      "V0: [array([1, 1, 1, 1, 1, 1, 1, 1, 1, 1, 1, 1, 1, 1, 0]), 1, 14, 0]\n",
      "Ahat: [[ 2.          0.13683684 -0.19971997]\n",
      " [ 0.13683684  2.         -0.56110656]\n",
      " [-0.19971997 -0.56110656  2.        ]]\n",
      "bhat: [[-2.7005922  -3.06449929  3.2626938 ]]\n",
      "c: [[28.00625454]]\n",
      "xout,fout: [[0.        ]\n",
      " [0.        ]\n",
      " [0.46735948]\n",
      " [0.        ]\n",
      " [0.        ]\n",
      " [0.10345239]\n",
      " [0.        ]\n",
      " [0.        ]\n",
      " [6.43064548]\n",
      " [0.        ]\n",
      " [0.        ]\n",
      " [0.        ]\n",
      " [0.        ]\n",
      " [0.        ]\n",
      " [0.        ]] 88.0237212187536\n",
      "xtilde, fxtilde: [[0.        ]\n",
      " [0.        ]\n",
      " [0.46735948]\n",
      " [0.        ]\n",
      " [0.        ]\n",
      " [0.10345239]\n",
      " [0.        ]\n",
      " [0.        ]\n",
      " [6.43064548]\n",
      " [0.        ]\n",
      " [0.        ]\n",
      " [0.        ]\n",
      " [0.        ]\n",
      " [0.        ]\n",
      " [0.        ]] 88.0237212187536\n",
      "F call for V0\n",
      "#1 flag < npiv0\n",
      "Back sub xhat: [[ 1.06001084]\n",
      " [ 1.98009882]\n",
      " [ 1.39758702]\n",
      " [-1.11754422]\n",
      " [-0.16214328]\n",
      " [ 0.57887582]\n",
      " [-0.43259004]\n",
      " [-0.55882478]\n",
      " [-2.07609183]\n",
      " [-0.92434614]\n",
      " [ 1.35294425]\n",
      " [-0.82008557]\n",
      " [-0.53435979]\n",
      " [-0.52688662]\n",
      " [ 0.        ]]\n",
      "xlbV0,fxlbV0: [[ 1.06001084]\n",
      " [ 1.98009882]\n",
      " [ 1.39758702]\n",
      " [-1.11754422]\n",
      " [-0.16214328]\n",
      " [ 0.57887582]\n",
      " [-0.43259004]\n",
      " [-0.55882478]\n",
      " [-2.07609183]\n",
      " [-0.92434614]\n",
      " [ 1.35294425]\n",
      " [-0.82008557]\n",
      " [-0.53435979]\n",
      " [-0.52688662]\n",
      " [ 0.        ]] 15.05415765956786\n",
      "V0: [array([1, 1, 1, 1, 1, 1, 1, 1, 1, 1, 1, 1, 1, 1, 0]), 1, 14, 0]\n",
      "Ytemp: (15.05415765956786, 1, array([1, 1, 1, 1, 1, 1, 1, 1, 1, 1, 1, 1, 1, 1, 0]), 1, 14, 0, array([[ 1.06001084],\n",
      "       [ 1.98009882],\n",
      "       [ 1.39758702],\n",
      "       [-1.11754422],\n",
      "       [-0.16214328],\n",
      "       [ 0.57887582],\n",
      "       [-0.43259004],\n",
      "       [-0.55882478],\n",
      "       [-2.07609183],\n",
      "       [-0.92434614],\n",
      "       [ 1.35294425],\n",
      "       [-0.82008557],\n",
      "       [-0.53435979],\n",
      "       [-0.52688662],\n",
      "       [ 0.        ]]))\n",
      "V2: [array([1, 1, 1, 1, 1, 1, 1, 1, 1, 1, 1, 1, 1, 1, 2]), 0, 14, 1]\n",
      "Ahat: [[ 2.          0.13683684 -0.19971997]\n",
      " [ 0.13683684  2.         -0.56110656]\n",
      " [-0.19971997 -0.56110656  2.        ]]\n",
      "bhat: [[-2.7005922  -3.06449929  3.2626938 ]]\n",
      "c: [[28.00625454]]\n",
      "xout,fout: [[0.        ]\n",
      " [0.        ]\n",
      " [0.46735948]\n",
      " [0.        ]\n",
      " [0.        ]\n",
      " [0.10345239]\n",
      " [0.        ]\n",
      " [0.        ]\n",
      " [6.43064548]\n",
      " [0.        ]\n",
      " [0.        ]\n",
      " [0.        ]\n",
      " [0.        ]\n",
      " [0.        ]\n",
      " [0.        ]] 88.0237212187536\n",
      "xtilde, fxtilde: [[0.        ]\n",
      " [0.        ]\n",
      " [0.46735948]\n",
      " [0.        ]\n",
      " [0.        ]\n",
      " [0.10345239]\n",
      " [0.        ]\n",
      " [0.        ]\n",
      " [6.43064548]\n",
      " [0.        ]\n",
      " [0.        ]\n",
      " [0.        ]\n",
      " [0.        ]\n",
      " [0.        ]\n",
      " [0.        ]] 88.0237212187536\n",
      "xlb,fxlb: [[ 1.35110349]\n",
      " [ 2.20499068]\n",
      " [ 1.15791411]\n",
      " [-1.01492881]\n",
      " [-0.055813  ]\n",
      " [ 0.7269618 ]\n",
      " [-0.27341374]\n",
      " [-0.47745163]\n",
      " [-2.06872925]\n",
      " [-1.17714236]\n",
      " [ 1.41356498]\n",
      " [-0.73944908]\n",
      " [-0.54526257]\n",
      " [-0.49343988]\n",
      " [-0.6794007 ]] 14.796718549026947\n",
      "V2 added: [array([1, 1, 1, 1, 1, 1, 1, 1, 1, 1, 1, 1, 1, 1, 2]), 0, 14, 1]\n",
      "V0: [array([1, 1, 1, 1, 1, 1, 1, 1, 1, 1, 1, 1, 1, 0, 0]), 2, 13, 0]\n",
      "Ahat: [[ 2.          0.13683684 -0.19971997]\n",
      " [ 0.13683684  2.         -0.56110656]\n",
      " [-0.19971997 -0.56110656  2.        ]]\n",
      "bhat: [[-2.7005922  -3.06449929  3.2626938 ]]\n",
      "c: [[28.00625454]]\n",
      "xout,fout: [[0.        ]\n",
      " [0.        ]\n",
      " [0.46735948]\n",
      " [0.        ]\n",
      " [0.        ]\n",
      " [0.10345239]\n",
      " [0.        ]\n",
      " [0.        ]\n",
      " [6.43064548]\n",
      " [0.        ]\n",
      " [0.        ]\n",
      " [0.        ]\n",
      " [0.        ]\n",
      " [0.        ]\n",
      " [0.        ]] 88.0237212187536\n",
      "xtilde, fxtilde: [[0.        ]\n",
      " [0.        ]\n",
      " [0.46735948]\n",
      " [0.        ]\n",
      " [0.        ]\n",
      " [0.10345239]\n",
      " [0.        ]\n",
      " [0.        ]\n",
      " [6.43064548]\n",
      " [0.        ]\n",
      " [0.        ]\n",
      " [0.        ]\n",
      " [0.        ]\n",
      " [0.        ]\n",
      " [0.        ]] 88.0237212187536\n",
      "F call for V0\n",
      "#1 flag < npiv0\n",
      "Back sub xhat: [[ 1.01973981]\n",
      " [ 1.8607806 ]\n",
      " [ 1.23247553]\n",
      " [-1.30667982]\n",
      " [-0.13212675]\n",
      " [ 0.48944039]\n",
      " [-0.50388297]\n",
      " [-0.49349558]\n",
      " [-2.24778713]\n",
      " [-0.93730215]\n",
      " [ 1.27106474]\n",
      " [-0.84574352]\n",
      " [-0.59735603]\n",
      " [ 0.        ]\n",
      " [ 0.        ]]\n",
      "xlbV0,fxlbV0: [[ 1.01973981]\n",
      " [ 1.8607806 ]\n",
      " [ 1.23247553]\n",
      " [-1.30667982]\n",
      " [-0.13212675]\n",
      " [ 0.48944039]\n",
      " [-0.50388297]\n",
      " [-0.49349558]\n",
      " [-2.24778713]\n",
      " [-0.93730215]\n",
      " [ 1.27106474]\n",
      " [-0.84574352]\n",
      " [-0.59735603]\n",
      " [ 0.        ]\n",
      " [ 0.        ]] 15.237049842485117\n",
      "V0: [array([1, 1, 1, 1, 1, 1, 1, 1, 1, 1, 1, 1, 1, 0, 0]), 2, 13, 0]\n",
      "Ytemp: (15.237049842485117, 3, array([1, 1, 1, 1, 1, 1, 1, 1, 1, 1, 1, 1, 1, 0, 0]), 2, 13, 0, array([[ 1.01973981],\n",
      "       [ 1.8607806 ],\n",
      "       [ 1.23247553],\n",
      "       [-1.30667982],\n",
      "       [-0.13212675],\n",
      "       [ 0.48944039],\n",
      "       [-0.50388297],\n",
      "       [-0.49349558],\n",
      "       [-2.24778713],\n",
      "       [-0.93730215],\n",
      "       [ 1.27106474],\n",
      "       [-0.84574352],\n",
      "       [-0.59735603],\n",
      "       [ 0.        ],\n",
      "       [ 0.        ]]))\n",
      "V2: [array([1, 1, 1, 1, 1, 1, 1, 1, 1, 1, 1, 1, 1, 2, 0]), 1, 13, 1]\n",
      "Ahat: [[ 2.          0.13683684 -0.19971997]\n",
      " [ 0.13683684  2.         -0.56110656]\n",
      " [-0.19971997 -0.56110656  2.        ]]\n",
      "bhat: [[-2.7005922  -3.06449929  3.2626938 ]]\n",
      "c: [[28.00625454]]\n",
      "xout,fout: [[0.        ]\n",
      " [0.        ]\n",
      " [0.46735948]\n",
      " [0.        ]\n",
      " [0.        ]\n",
      " [0.10345239]\n",
      " [0.        ]\n",
      " [0.        ]\n",
      " [6.43064548]\n",
      " [0.        ]\n",
      " [0.        ]\n",
      " [0.        ]\n",
      " [0.        ]\n",
      " [0.        ]\n",
      " [0.        ]] 88.0237212187536\n",
      "xtilde, fxtilde: [[0.        ]\n",
      " [0.        ]\n",
      " [0.46735948]\n",
      " [0.        ]\n",
      " [0.        ]\n",
      " [0.10345239]\n",
      " [0.        ]\n",
      " [0.        ]\n",
      " [6.43064548]\n",
      " [0.        ]\n",
      " [0.        ]\n",
      " [0.        ]\n",
      " [0.        ]\n",
      " [0.        ]\n",
      " [0.        ]] 88.0237212187536\n",
      "xlb,fxlb: [[ 1.06001084]\n",
      " [ 1.98009882]\n",
      " [ 1.39758702]\n",
      " [-1.11754422]\n",
      " [-0.16214328]\n",
      " [ 0.57887582]\n",
      " [-0.43259004]\n",
      " [-0.55882478]\n",
      " [-2.07609183]\n",
      " [-0.92434614]\n",
      " [ 1.35294425]\n",
      " [-0.82008557]\n",
      " [-0.53435979]\n",
      " [-0.52688662]\n",
      " [ 0.        ]] 15.05415765956786\n",
      "V2 added: [array([1, 1, 1, 1, 1, 1, 1, 1, 1, 1, 1, 1, 1, 2, 0]), 1, 13, 1]\n",
      "V0: [array([1, 1, 1, 1, 1, 1, 1, 1, 1, 1, 1, 1, 0, 0, 0]), 3, 12, 0]\n",
      "Ahat: [[ 2.          0.13683684 -0.19971997]\n",
      " [ 0.13683684  2.         -0.56110656]\n",
      " [-0.19971997 -0.56110656  2.        ]]\n",
      "bhat: [[-2.7005922  -3.06449929  3.2626938 ]]\n",
      "c: [[28.00625454]]\n",
      "xout,fout: [[0.        ]\n",
      " [0.        ]\n",
      " [0.46735948]\n",
      " [0.        ]\n",
      " [0.        ]\n",
      " [0.10345239]\n",
      " [0.        ]\n",
      " [0.        ]\n",
      " [6.43064548]\n",
      " [0.        ]\n",
      " [0.        ]\n",
      " [0.        ]\n",
      " [0.        ]\n",
      " [0.        ]\n",
      " [0.        ]] 88.0237212187536\n",
      "xtilde, fxtilde: [[0.        ]\n",
      " [0.        ]\n",
      " [0.46735948]\n",
      " [0.        ]\n",
      " [0.        ]\n",
      " [0.10345239]\n",
      " [0.        ]\n",
      " [0.        ]\n",
      " [6.43064548]\n",
      " [0.        ]\n",
      " [0.        ]\n",
      " [0.        ]\n",
      " [0.        ]\n",
      " [0.        ]\n",
      " [0.        ]] 88.0237212187536\n",
      "F call for V0\n",
      "#1 flag < npiv0\n",
      "Back sub xhat: [[ 0.69481443]\n",
      " [ 1.82071646]\n",
      " [ 1.33819698]\n",
      " [-1.28667012]\n",
      " [-0.12008452]\n",
      " [ 0.51320337]\n",
      " [-0.68546375]\n",
      " [-0.51217247]\n",
      " [-2.17399694]\n",
      " [-1.00424865]\n",
      " [ 1.2559272 ]\n",
      " [-0.93050118]\n",
      " [ 0.        ]\n",
      " [ 0.        ]\n",
      " [ 0.        ]]\n",
      "xlbV0,fxlbV0: [[ 0.69481443]\n",
      " [ 1.82071646]\n",
      " [ 1.33819698]\n",
      " [-1.28667012]\n",
      " [-0.12008452]\n",
      " [ 0.51320337]\n",
      " [-0.68546375]\n",
      " [-0.51217247]\n",
      " [-2.17399694]\n",
      " [-1.00424865]\n",
      " [ 1.2559272 ]\n",
      " [-0.93050118]\n",
      " [ 0.        ]\n",
      " [ 0.        ]\n",
      " [ 0.        ]] 15.47065824478993\n",
      "V0: [array([1, 1, 1, 1, 1, 1, 1, 1, 1, 1, 1, 1, 0, 0, 0]), 3, 12, 0]\n",
      "Ytemp: (15.47065824478993, 5, array([1, 1, 1, 1, 1, 1, 1, 1, 1, 1, 1, 1, 0, 0, 0]), 3, 12, 0, array([[ 0.69481443],\n",
      "       [ 1.82071646],\n",
      "       [ 1.33819698],\n",
      "       [-1.28667012],\n",
      "       [-0.12008452],\n",
      "       [ 0.51320337],\n",
      "       [-0.68546375],\n",
      "       [-0.51217247],\n",
      "       [-2.17399694],\n",
      "       [-1.00424865],\n",
      "       [ 1.2559272 ],\n",
      "       [-0.93050118],\n",
      "       [ 0.        ],\n",
      "       [ 0.        ],\n",
      "       [ 0.        ]]))\n",
      "V2: [array([1, 1, 1, 1, 1, 1, 1, 1, 1, 1, 1, 1, 2, 0, 0]), 2, 12, 1]\n",
      "Ahat: [[ 2.          0.13683684 -0.19971997]\n",
      " [ 0.13683684  2.         -0.56110656]\n",
      " [-0.19971997 -0.56110656  2.        ]]\n",
      "bhat: [[-2.7005922  -3.06449929  3.2626938 ]]\n",
      "c: [[28.00625454]]\n",
      "xout,fout: [[0.        ]\n",
      " [0.        ]\n",
      " [0.46735948]\n",
      " [0.        ]\n",
      " [0.        ]\n",
      " [0.10345239]\n",
      " [0.        ]\n",
      " [0.        ]\n",
      " [6.43064548]\n",
      " [0.        ]\n",
      " [0.        ]\n",
      " [0.        ]\n",
      " [0.        ]\n",
      " [0.        ]\n",
      " [0.        ]] 88.0237212187536\n",
      "xtilde, fxtilde: [[0.        ]\n",
      " [0.        ]\n",
      " [0.46735948]\n",
      " [0.        ]\n",
      " [0.        ]\n",
      " [0.10345239]\n",
      " [0.        ]\n",
      " [0.        ]\n",
      " [6.43064548]\n",
      " [0.        ]\n",
      " [0.        ]\n",
      " [0.        ]\n",
      " [0.        ]\n",
      " [0.        ]\n",
      " [0.        ]] 88.0237212187536\n",
      "xlb,fxlb: [[ 1.01973981]\n",
      " [ 1.8607806 ]\n",
      " [ 1.23247553]\n",
      " [-1.30667982]\n",
      " [-0.13212675]\n",
      " [ 0.48944039]\n",
      " [-0.50388297]\n",
      " [-0.49349558]\n",
      " [-2.24778713]\n",
      " [-0.93730215]\n",
      " [ 1.27106474]\n",
      " [-0.84574352]\n",
      " [-0.59735603]\n",
      " [ 0.        ]\n",
      " [ 0.        ]] 15.237049842485117\n",
      "V2 added: [array([1, 1, 1, 1, 1, 1, 1, 1, 1, 1, 1, 1, 2, 0, 0]), 2, 12, 1]\n",
      "V0: [array([1, 1, 1, 1, 1, 1, 1, 1, 1, 1, 1, 0, 0, 0, 0]), 4, 11, 0]\n",
      "Ahat: [[ 2.          0.13683684 -0.19971997]\n",
      " [ 0.13683684  2.         -0.56110656]\n",
      " [-0.19971997 -0.56110656  2.        ]]\n",
      "bhat: [[-2.7005922  -3.06449929  3.2626938 ]]\n",
      "c: [[28.00625454]]\n",
      "xout,fout: [[0.        ]\n",
      " [0.        ]\n",
      " [0.46735948]\n",
      " [0.        ]\n",
      " [0.        ]\n",
      " [0.10345239]\n",
      " [0.        ]\n",
      " [0.        ]\n",
      " [6.43064548]\n",
      " [0.        ]\n",
      " [0.        ]\n",
      " [0.        ]\n",
      " [0.        ]\n",
      " [0.        ]\n",
      " [0.        ]] 88.0237212187536\n",
      "xtilde, fxtilde: [[0.        ]\n",
      " [0.        ]\n",
      " [0.46735948]\n",
      " [0.        ]\n",
      " [0.        ]\n",
      " [0.10345239]\n",
      " [0.        ]\n",
      " [0.        ]\n",
      " [6.43064548]\n",
      " [0.        ]\n",
      " [0.        ]\n",
      " [0.        ]\n",
      " [0.        ]\n",
      " [0.        ]\n",
      " [0.        ]] 88.0237212187536\n",
      "F call for V0\n",
      "#1 flag < npiv0\n",
      "Back sub xhat: [[ 0.90037087]\n",
      " [ 1.88895663]\n",
      " [ 1.37606868]\n",
      " [-1.53268468]\n",
      " [-0.44001408]\n",
      " [ 0.52892061]\n",
      " [-0.76612262]\n",
      " [-0.70087969]\n",
      " [-2.03540307]\n",
      " [-1.01962228]\n",
      " [ 1.18872439]\n",
      " [ 0.        ]\n",
      " [ 0.        ]\n",
      " [ 0.        ]\n",
      " [ 0.        ]]\n",
      "xlbV0,fxlbV0: [[ 0.90037087]\n",
      " [ 1.88895663]\n",
      " [ 1.37606868]\n",
      " [-1.53268468]\n",
      " [-0.44001408]\n",
      " [ 0.52892061]\n",
      " [-0.76612262]\n",
      " [-0.70087969]\n",
      " [-2.03540307]\n",
      " [-1.01962228]\n",
      " [ 1.18872439]\n",
      " [ 0.        ]\n",
      " [ 0.        ]\n",
      " [ 0.        ]\n",
      " [ 0.        ]] 16.100190616557576\n",
      "V0: [array([1, 1, 1, 1, 1, 1, 1, 1, 1, 1, 1, 0, 0, 0, 0]), 4, 11, 0]\n",
      "Ytemp: (16.100190616557576, 7, array([1, 1, 1, 1, 1, 1, 1, 1, 1, 1, 1, 0, 0, 0, 0]), 4, 11, 0, array([[ 0.90037087],\n",
      "       [ 1.88895663],\n",
      "       [ 1.37606868],\n",
      "       [-1.53268468],\n",
      "       [-0.44001408],\n",
      "       [ 0.52892061],\n",
      "       [-0.76612262],\n",
      "       [-0.70087969],\n",
      "       [-2.03540307],\n",
      "       [-1.01962228],\n",
      "       [ 1.18872439],\n",
      "       [ 0.        ],\n",
      "       [ 0.        ],\n",
      "       [ 0.        ],\n",
      "       [ 0.        ]]))\n",
      "V2: [array([1, 1, 1, 1, 1, 1, 1, 1, 1, 1, 1, 2, 0, 0, 0]), 3, 11, 1]\n",
      "Ahat: [[ 2.          0.13683684 -0.19971997]\n",
      " [ 0.13683684  2.         -0.56110656]\n",
      " [-0.19971997 -0.56110656  2.        ]]\n",
      "bhat: [[-2.7005922  -3.06449929  3.2626938 ]]\n",
      "c: [[28.00625454]]\n",
      "xout,fout: [[0.        ]\n",
      " [0.        ]\n",
      " [0.46735948]\n",
      " [0.        ]\n",
      " [0.        ]\n",
      " [0.10345239]\n",
      " [0.        ]\n",
      " [0.        ]\n",
      " [6.43064548]\n",
      " [0.        ]\n",
      " [0.        ]\n",
      " [0.        ]\n",
      " [0.        ]\n",
      " [0.        ]\n",
      " [0.        ]] 88.0237212187536\n",
      "xtilde, fxtilde: [[0.        ]\n",
      " [0.        ]\n",
      " [0.46735948]\n",
      " [0.        ]\n",
      " [0.        ]\n",
      " [0.10345239]\n",
      " [0.        ]\n",
      " [0.        ]\n",
      " [6.43064548]\n",
      " [0.        ]\n",
      " [0.        ]\n",
      " [0.        ]\n",
      " [0.        ]\n",
      " [0.        ]\n",
      " [0.        ]] 88.0237212187536\n",
      "xlb,fxlb: [[ 0.69481443]\n",
      " [ 1.82071646]\n",
      " [ 1.33819698]\n",
      " [-1.28667012]\n",
      " [-0.12008452]\n",
      " [ 0.51320337]\n",
      " [-0.68546375]\n",
      " [-0.51217247]\n",
      " [-2.17399694]\n",
      " [-1.00424865]\n",
      " [ 1.2559272 ]\n",
      " [-0.93050118]\n",
      " [ 0.        ]\n",
      " [ 0.        ]\n",
      " [ 0.        ]] 15.47065824478993\n",
      "V2 added: [array([1, 1, 1, 1, 1, 1, 1, 1, 1, 1, 1, 2, 0, 0, 0]), 3, 11, 1]\n",
      "V0: [array([1, 1, 1, 1, 1, 1, 1, 1, 1, 1, 0, 0, 0, 0, 0]), 5, 10, 0]\n",
      "Ahat: [[ 2.         -0.19971997  0.13683684]\n",
      " [-0.19971997  2.         -0.56110656]\n",
      " [ 0.13683684 -0.56110656  2.        ]]\n",
      "bhat: [[-2.7005922   3.2626938  -3.06449929]]\n",
      "c: [[28.00625454]]\n",
      "xout,fout: [[0.        ]\n",
      " [0.        ]\n",
      " [0.46735948]\n",
      " [0.        ]\n",
      " [0.        ]\n",
      " [0.10345239]\n",
      " [0.        ]\n",
      " [0.        ]\n",
      " [6.43064548]\n",
      " [0.        ]\n",
      " [0.        ]\n",
      " [0.        ]\n",
      " [0.        ]\n",
      " [0.        ]\n",
      " [0.        ]] 88.0237212187536\n",
      "xtilde, fxtilde: [[0.        ]\n",
      " [0.        ]\n",
      " [0.46735948]\n",
      " [0.        ]\n",
      " [0.        ]\n",
      " [0.10345239]\n",
      " [0.        ]\n",
      " [0.        ]\n",
      " [6.43064548]\n",
      " [0.        ]\n",
      " [0.        ]\n",
      " [0.        ]\n",
      " [0.        ]\n",
      " [0.        ]\n",
      " [0.        ]] 88.0237212187536\n",
      "F call for V0\n",
      "#1 flag < npiv0\n",
      "Back sub xhat: [[ 0.9700094 ]\n",
      " [ 1.52916219]\n",
      " [ 1.18196819]\n",
      " [-1.78741027]\n",
      " [-0.29025181]\n",
      " [ 0.55848196]\n",
      " [-0.7266099 ]\n",
      " [-0.46047656]\n",
      " [-1.83809755]\n",
      " [-1.04540154]\n",
      " [ 0.        ]\n",
      " [ 0.        ]\n",
      " [ 0.        ]\n",
      " [ 0.        ]\n",
      " [ 0.        ]]\n",
      "xlbV0,fxlbV0: [[ 0.9700094 ]\n",
      " [ 1.52916219]\n",
      " [ 1.18196819]\n",
      " [-1.78741027]\n",
      " [-0.29025181]\n",
      " [ 0.55848196]\n",
      " [-0.7266099 ]\n",
      " [-0.46047656]\n",
      " [-1.83809755]\n",
      " [-1.04540154]\n",
      " [ 0.        ]\n",
      " [ 0.        ]\n",
      " [ 0.        ]\n",
      " [ 0.        ]\n",
      " [ 0.        ]] 17.11524895243804\n",
      "V0: [array([1, 1, 1, 1, 1, 1, 1, 1, 1, 1, 0, 0, 0, 0, 0]), 5, 10, 0]\n",
      "Ytemp: (17.11524895243804, 9, array([1, 1, 1, 1, 1, 1, 1, 1, 1, 1, 0, 0, 0, 0, 0]), 5, 10, 0, array([[ 0.9700094 ],\n",
      "       [ 1.52916219],\n",
      "       [ 1.18196819],\n",
      "       [-1.78741027],\n",
      "       [-0.29025181],\n",
      "       [ 0.55848196],\n",
      "       [-0.7266099 ],\n",
      "       [-0.46047656],\n",
      "       [-1.83809755],\n",
      "       [-1.04540154],\n",
      "       [ 0.        ],\n",
      "       [ 0.        ],\n",
      "       [ 0.        ],\n",
      "       [ 0.        ],\n",
      "       [ 0.        ]]))\n",
      "V2: [array([1, 1, 1, 1, 1, 1, 1, 1, 1, 1, 2, 0, 0, 0, 0]), 4, 10, 1]\n",
      "Ahat: [[ 2.          0.13683684 -0.19971997]\n",
      " [ 0.13683684  2.         -0.56110656]\n",
      " [-0.19971997 -0.56110656  2.        ]]\n",
      "bhat: [[-2.7005922  -3.06449929  3.2626938 ]]\n",
      "c: [[28.00625454]]\n",
      "xout,fout: [[0.        ]\n",
      " [0.        ]\n",
      " [0.46735948]\n",
      " [0.        ]\n",
      " [0.        ]\n",
      " [0.10345239]\n",
      " [0.        ]\n",
      " [0.        ]\n",
      " [6.43064548]\n",
      " [0.        ]\n",
      " [0.        ]\n",
      " [0.        ]\n",
      " [0.        ]\n",
      " [0.        ]\n",
      " [0.        ]] 88.0237212187536\n",
      "xtilde, fxtilde: [[0.        ]\n",
      " [0.        ]\n",
      " [0.46735948]\n",
      " [0.        ]\n",
      " [0.        ]\n",
      " [0.10345239]\n",
      " [0.        ]\n",
      " [0.        ]\n",
      " [6.43064548]\n",
      " [0.        ]\n",
      " [0.        ]\n",
      " [0.        ]\n",
      " [0.        ]\n",
      " [0.        ]\n",
      " [0.        ]] 88.0237212187536\n",
      "xlb,fxlb: [[ 0.90037087]\n",
      " [ 1.88895663]\n",
      " [ 1.37606868]\n",
      " [-1.53268468]\n",
      " [-0.44001408]\n",
      " [ 0.52892061]\n",
      " [-0.76612262]\n",
      " [-0.70087969]\n",
      " [-2.03540307]\n",
      " [-1.01962228]\n",
      " [ 1.18872439]\n",
      " [ 0.        ]\n",
      " [ 0.        ]\n",
      " [ 0.        ]\n",
      " [ 0.        ]] 16.100190616557576\n",
      "V2 added: [array([1, 1, 1, 1, 1, 1, 1, 1, 1, 1, 2, 0, 0, 0, 0]), 4, 10, 1]\n",
      "V0: [array([1, 1, 1, 1, 1, 1, 1, 1, 1, 0, 0, 0, 0, 0, 0]), 6, 9, 0]\n",
      "Ahat: [[ 2.          0.13683684 -0.19971997]\n",
      " [ 0.13683684  2.         -0.56110656]\n",
      " [-0.19971997 -0.56110656  2.        ]]\n",
      "bhat: [[-2.7005922  -3.06449929  3.2626938 ]]\n",
      "c: [[28.00625454]]\n",
      "xout,fout: [[0.        ]\n",
      " [0.        ]\n",
      " [0.46735948]\n",
      " [0.        ]\n",
      " [0.        ]\n",
      " [0.10345239]\n",
      " [0.        ]\n",
      " [0.        ]\n",
      " [6.43064548]\n",
      " [0.        ]\n",
      " [0.        ]\n",
      " [0.        ]\n",
      " [0.        ]\n",
      " [0.        ]\n",
      " [0.        ]] 88.0237212187536\n",
      "xtilde, fxtilde: [[0.        ]\n",
      " [0.        ]\n",
      " [0.46735948]\n",
      " [0.        ]\n",
      " [0.        ]\n",
      " [0.10345239]\n",
      " [0.        ]\n",
      " [0.        ]\n",
      " [6.43064548]\n",
      " [0.        ]\n",
      " [0.        ]\n",
      " [0.        ]\n",
      " [0.        ]\n",
      " [0.        ]\n",
      " [0.        ]] 88.0237212187536\n",
      "F call for V0\n",
      "#1 flag < npiv0\n",
      "Back sub xhat: [[ 0.89936522]\n",
      " [ 1.17381849]\n",
      " [ 1.34750074]\n",
      " [-1.51229017]\n",
      " [-0.17568078]\n",
      " [ 0.56048865]\n",
      " [-0.69730038]\n",
      " [-0.42601647]\n",
      " [-1.8752513 ]\n",
      " [ 0.        ]\n",
      " [ 0.        ]\n",
      " [ 0.        ]\n",
      " [ 0.        ]\n",
      " [ 0.        ]\n",
      " [ 0.        ]]\n",
      "xlbV0,fxlbV0: [[ 0.89936522]\n",
      " [ 1.17381849]\n",
      " [ 1.34750074]\n",
      " [-1.51229017]\n",
      " [-0.17568078]\n",
      " [ 0.56048865]\n",
      " [-0.69730038]\n",
      " [-0.42601647]\n",
      " [-1.8752513 ]\n",
      " [ 0.        ]\n",
      " [ 0.        ]\n",
      " [ 0.        ]\n",
      " [ 0.        ]\n",
      " [ 0.        ]\n",
      " [ 0.        ]] 17.952830894802275\n",
      "V0: [array([1, 1, 1, 1, 1, 1, 1, 1, 1, 0, 0, 0, 0, 0, 0]), 6, 9, 0]\n",
      "Ytemp: (17.952830894802275, 11, array([1, 1, 1, 1, 1, 1, 1, 1, 1, 0, 0, 0, 0, 0, 0]), 6, 9, 0, array([[ 0.89936522],\n",
      "       [ 1.17381849],\n",
      "       [ 1.34750074],\n",
      "       [-1.51229017],\n",
      "       [-0.17568078],\n",
      "       [ 0.56048865],\n",
      "       [-0.69730038],\n",
      "       [-0.42601647],\n",
      "       [-1.8752513 ],\n",
      "       [ 0.        ],\n",
      "       [ 0.        ],\n",
      "       [ 0.        ],\n",
      "       [ 0.        ],\n",
      "       [ 0.        ],\n",
      "       [ 0.        ]]))\n",
      "V2: [array([1, 1, 1, 1, 1, 1, 1, 1, 1, 2, 0, 0, 0, 0, 0]), 5, 9, 1]\n",
      "Ahat: [[ 2.         -0.19971997  0.13683684]\n",
      " [-0.19971997  2.         -0.56110656]\n",
      " [ 0.13683684 -0.56110656  2.        ]]\n",
      "bhat: [[-2.7005922   3.2626938  -3.06449929]]\n",
      "c: [[28.00625454]]\n",
      "xout,fout: [[0.        ]\n",
      " [0.        ]\n",
      " [0.46735948]\n",
      " [0.        ]\n",
      " [0.        ]\n",
      " [0.10345239]\n",
      " [0.        ]\n",
      " [0.        ]\n",
      " [6.43064548]\n",
      " [0.        ]\n",
      " [0.        ]\n",
      " [0.        ]\n",
      " [0.        ]\n",
      " [0.        ]\n",
      " [0.        ]] 88.0237212187536\n",
      "xtilde, fxtilde: [[0.        ]\n",
      " [0.        ]\n",
      " [0.46735948]\n",
      " [0.        ]\n",
      " [0.        ]\n",
      " [0.10345239]\n",
      " [0.        ]\n",
      " [0.        ]\n",
      " [6.43064548]\n",
      " [0.        ]\n",
      " [0.        ]\n",
      " [0.        ]\n",
      " [0.        ]\n",
      " [0.        ]\n",
      " [0.        ]] 88.0237212187536\n",
      "xlb,fxlb: [[ 0.9700094 ]\n",
      " [ 1.52916219]\n",
      " [ 1.18196819]\n",
      " [-1.78741027]\n",
      " [-0.29025181]\n",
      " [ 0.55848196]\n",
      " [-0.7266099 ]\n",
      " [-0.46047656]\n",
      " [-1.83809755]\n",
      " [-1.04540154]\n",
      " [ 0.        ]\n",
      " [ 0.        ]\n",
      " [ 0.        ]\n",
      " [ 0.        ]\n",
      " [ 0.        ]] 17.11524895243804\n",
      "V2 added: [array([1, 1, 1, 1, 1, 1, 1, 1, 1, 2, 0, 0, 0, 0, 0]), 5, 9, 1]\n",
      "V0: [array([1, 1, 1, 1, 1, 1, 1, 1, 0, 0, 0, 0, 0, 0, 0]), 7, 8, 0]\n",
      "Ahat: [[ 2.          0.05631599 -0.35544984]\n",
      " [ 0.05631599  2.          0.13683684]\n",
      " [-0.35544984  0.13683684  2.        ]]\n",
      "bhat: [[ 2.29244358 -2.7005922  -3.06449929]]\n",
      "c: [[28.00625454]]\n",
      "xout,fout: [[ 0.        ]\n",
      " [ 0.        ]\n",
      " [-2.7005922 ]\n",
      " [ 2.29244358]\n",
      " [ 0.        ]\n",
      " [-3.06449929]\n",
      " [ 0.        ]\n",
      " [ 0.        ]\n",
      " [ 0.        ]\n",
      " [ 0.        ]\n",
      " [ 0.        ]\n",
      " [ 0.        ]\n",
      " [ 0.        ]\n",
      " [ 0.        ]\n",
      " [ 0.        ]] 75.16646801179635\n",
      "xtilde, fxtilde: [[ 0.        ]\n",
      " [ 0.        ]\n",
      " [-2.7005922 ]\n",
      " [ 2.29244358]\n",
      " [ 0.        ]\n",
      " [-3.06449929]\n",
      " [ 0.        ]\n",
      " [ 0.        ]\n",
      " [ 0.        ]\n",
      " [ 0.        ]\n",
      " [ 0.        ]\n",
      " [ 0.        ]\n",
      " [ 0.        ]\n",
      " [ 0.        ]\n",
      " [ 0.        ]] 75.16646801179635\n",
      "F call for V0\n",
      "#1 flag < npiv0\n",
      "Back sub xhat: [[ 0.54117146]\n",
      " [ 0.8894516 ]\n",
      " [ 1.57497968]\n",
      " [-1.25229535]\n",
      " [-0.55348241]\n",
      " [ 1.17660505]\n",
      " [-0.72503957]\n",
      " [-0.55088652]\n",
      " [ 0.        ]\n",
      " [ 0.        ]\n",
      " [ 0.        ]\n",
      " [ 0.        ]\n",
      " [ 0.        ]\n",
      " [ 0.        ]\n",
      " [ 0.        ]]\n",
      "xlbV0,fxlbV0: [[ 0.54117146]\n",
      " [ 0.8894516 ]\n",
      " [ 1.57497968]\n",
      " [-1.25229535]\n",
      " [-0.55348241]\n",
      " [ 1.17660505]\n",
      " [-0.72503957]\n",
      " [-0.55088652]\n",
      " [ 0.        ]\n",
      " [ 0.        ]\n",
      " [ 0.        ]\n",
      " [ 0.        ]\n",
      " [ 0.        ]\n",
      " [ 0.        ]\n",
      " [ 0.        ]] 20.717218024304916\n",
      "V0: [array([1, 1, 1, 1, 1, 1, 1, 1, 0, 0, 0, 0, 0, 0, 0]), 7, 8, 0]\n",
      "Ytemp: (20.717218024304916, 13, array([1, 1, 1, 1, 1, 1, 1, 1, 0, 0, 0, 0, 0, 0, 0]), 7, 8, 0, array([[ 0.54117146],\n",
      "       [ 0.8894516 ],\n",
      "       [ 1.57497968],\n",
      "       [-1.25229535],\n",
      "       [-0.55348241],\n",
      "       [ 1.17660505],\n",
      "       [-0.72503957],\n",
      "       [-0.55088652],\n",
      "       [ 0.        ],\n",
      "       [ 0.        ],\n",
      "       [ 0.        ],\n",
      "       [ 0.        ],\n",
      "       [ 0.        ],\n",
      "       [ 0.        ],\n",
      "       [ 0.        ]]))\n",
      "V2: [array([1, 1, 1, 1, 1, 1, 1, 1, 2, 0, 0, 0, 0, 0, 0]), 6, 8, 1]\n",
      "Ahat: [[ 2.          0.13683684 -0.19971997]\n",
      " [ 0.13683684  2.         -0.56110656]\n",
      " [-0.19971997 -0.56110656  2.        ]]\n",
      "bhat: [[-2.7005922  -3.06449929  3.2626938 ]]\n",
      "c: [[28.00625454]]\n",
      "xout,fout: [[0.        ]\n",
      " [0.        ]\n",
      " [0.46735948]\n",
      " [0.        ]\n",
      " [0.        ]\n",
      " [0.10345239]\n",
      " [0.        ]\n",
      " [0.        ]\n",
      " [6.43064548]\n",
      " [0.        ]\n",
      " [0.        ]\n",
      " [0.        ]\n",
      " [0.        ]\n",
      " [0.        ]\n",
      " [0.        ]] 88.0237212187536\n",
      "xtilde, fxtilde: [[0.        ]\n",
      " [0.        ]\n",
      " [0.46735948]\n",
      " [0.        ]\n",
      " [0.        ]\n",
      " [0.10345239]\n",
      " [0.        ]\n",
      " [0.        ]\n",
      " [6.43064548]\n",
      " [0.        ]\n",
      " [0.        ]\n",
      " [0.        ]\n",
      " [0.        ]\n",
      " [0.        ]\n",
      " [0.        ]] 88.0237212187536\n",
      "xlb,fxlb: [[ 0.89936522]\n",
      " [ 1.17381849]\n",
      " [ 1.34750074]\n",
      " [-1.51229017]\n",
      " [-0.17568078]\n",
      " [ 0.56048865]\n",
      " [-0.69730038]\n",
      " [-0.42601647]\n",
      " [-1.8752513 ]\n",
      " [ 0.        ]\n",
      " [ 0.        ]\n",
      " [ 0.        ]\n",
      " [ 0.        ]\n",
      " [ 0.        ]\n",
      " [ 0.        ]] 17.952830894802275\n",
      "V2 added: [array([1, 1, 1, 1, 1, 1, 1, 1, 2, 0, 0, 0, 0, 0, 0]), 6, 8, 1]\n",
      "V0: [array([1, 1, 1, 1, 1, 1, 1, 0, 0, 0, 0, 0, 0, 0, 0]), 8, 7, 0]\n",
      "Ahat: [[ 2.          0.05631599 -0.35544984]\n",
      " [ 0.05631599  2.          0.13683684]\n",
      " [-0.35544984  0.13683684  2.        ]]\n",
      "bhat: [[ 2.29244358 -2.7005922  -3.06449929]]\n",
      "c: [[28.00625454]]\n",
      "xout,fout: [[ 0.        ]\n",
      " [ 0.        ]\n",
      " [-2.7005922 ]\n",
      " [ 2.29244358]\n",
      " [ 0.        ]\n",
      " [-3.06449929]\n",
      " [ 0.        ]\n",
      " [ 0.        ]\n",
      " [ 0.        ]\n",
      " [ 0.        ]\n",
      " [ 0.        ]\n",
      " [ 0.        ]\n",
      " [ 0.        ]\n",
      " [ 0.        ]\n",
      " [ 0.        ]] 75.16646801179635\n",
      "xtilde, fxtilde: [[ 0.        ]\n",
      " [ 0.        ]\n",
      " [-2.7005922 ]\n",
      " [ 2.29244358]\n",
      " [ 0.        ]\n",
      " [-3.06449929]\n",
      " [ 0.        ]\n",
      " [ 0.        ]\n",
      " [ 0.        ]\n",
      " [ 0.        ]\n",
      " [ 0.        ]\n",
      " [ 0.        ]\n",
      " [ 0.        ]\n",
      " [ 0.        ]\n",
      " [ 0.        ]] 75.16646801179635\n",
      "F call for V0\n",
      "#1 flag < npiv0\n",
      "Back sub xhat: [[ 0.63628378]\n",
      " [ 0.91933248]\n",
      " [ 1.39739447]\n",
      " [-1.13475814]\n",
      " [-0.40751369]\n",
      " [ 1.16504735]\n",
      " [-0.63851095]\n",
      " [ 0.        ]\n",
      " [ 0.        ]\n",
      " [ 0.        ]\n",
      " [ 0.        ]\n",
      " [ 0.        ]\n",
      " [ 0.        ]\n",
      " [ 0.        ]\n",
      " [ 0.        ]]\n",
      "xlbV0,fxlbV0: [[ 0.63628378]\n",
      " [ 0.91933248]\n",
      " [ 1.39739447]\n",
      " [-1.13475814]\n",
      " [-0.40751369]\n",
      " [ 1.16504735]\n",
      " [-0.63851095]\n",
      " [ 0.        ]\n",
      " [ 0.        ]\n",
      " [ 0.        ]\n",
      " [ 0.        ]\n",
      " [ 0.        ]\n",
      " [ 0.        ]\n",
      " [ 0.        ]\n",
      " [ 0.        ]] 20.960134038540907\n",
      "V0: [array([1, 1, 1, 1, 1, 1, 1, 0, 0, 0, 0, 0, 0, 0, 0]), 8, 7, 0]\n",
      "Ytemp: (20.960134038540907, 15, array([1, 1, 1, 1, 1, 1, 1, 0, 0, 0, 0, 0, 0, 0, 0]), 8, 7, 0, array([[ 0.63628378],\n",
      "       [ 0.91933248],\n",
      "       [ 1.39739447],\n",
      "       [-1.13475814],\n",
      "       [-0.40751369],\n",
      "       [ 1.16504735],\n",
      "       [-0.63851095],\n",
      "       [ 0.        ],\n",
      "       [ 0.        ],\n",
      "       [ 0.        ],\n",
      "       [ 0.        ],\n",
      "       [ 0.        ],\n",
      "       [ 0.        ],\n",
      "       [ 0.        ],\n",
      "       [ 0.        ]]))\n",
      "V2: [array([1, 1, 1, 1, 1, 1, 1, 2, 0, 0, 0, 0, 0, 0, 0]), 7, 7, 1]\n",
      "Ahat: [[ 2.          0.05631599 -0.35544984]\n",
      " [ 0.05631599  2.          0.13683684]\n",
      " [-0.35544984  0.13683684  2.        ]]\n",
      "bhat: [[ 2.29244358 -2.7005922  -3.06449929]]\n",
