{
 "cells": [
  {
   "cell_type": "code",
   "execution_count": null,
   "id": "355280df",
   "metadata": {},
   "outputs": [
    {
     "name": "stdout",
     "output_type": "stream",
     "text": [
      "A,b,c: [[ 2.         -0.12512439  0.16559774  0.72468087  0.20182106 -0.39109949\n",
      "   0.47339121]\n",
      " [-0.12512439  2.          0.08811671  0.50636872 -0.16182656 -0.11610166\n",
      "  -0.01313737]\n",
      " [ 0.16559774  0.08811671  2.         -0.21931982 -0.27950581 -0.13388214\n",
      "  -0.07161368]\n",
      " [ 0.72468087  0.50636872 -0.21931982  2.          0.52372094  0.28448606\n",
      "   1.018285  ]\n",
      " [ 0.20182106 -0.16182656 -0.27950581  0.52372094  2.         -0.1242741\n",
      "   0.297767  ]\n",
      " [-0.39109949 -0.11610166 -0.13388214  0.28448606 -0.1242741   2.\n",
      "   0.25334454]\n",
      " [ 0.47339121 -0.01313737 -0.07161368  1.018285    0.297767    0.25334454\n",
      "   2.        ]] [[-1.83761757]\n",
      " [ 1.31966447]\n",
      " [ 2.40323678]\n",
      " [-1.34921157]\n",
      " [-2.6220686 ]\n",
      " [ 2.14521653]\n",
      " [-2.04842105]] 26.52769889931207\n",
      "p,k= 7 4\n",
      "x0,fx0: [[ 0.        ]\n",
      " [ 0.        ]\n",
      " [-1.11719762]\n",
      " [ 0.        ]\n",
      " [ 0.93048677]\n",
      " [-1.21621553]\n",
      " [ 0.99973386]] 21.63689284833514\n",
      "ipiv0: [3 5 2 1 4 0 6]\n",
      "ipiv1: []\n",
      "A: [[ 2.          0.28448606 -0.21931982  0.50636872  0.52372094  0.72468087\n",
      "   1.018285  ]\n",
      " [ 0.28448606  2.         -0.13388214 -0.11610166 -0.1242741  -0.39109949\n",
      "   0.25334454]\n",
      " [-0.21931982 -0.13388214  2.          0.08811671 -0.27950581  0.16559774\n",
      "  -0.07161368]\n",
      " [ 0.50636872 -0.11610166  0.08811671  2.         -0.16182656 -0.12512439\n",
      "  -0.01313737]\n",
      " [ 0.52372094 -0.1242741  -0.27950581 -0.16182656  2.          0.20182106\n",
      "   0.297767  ]\n",
      " [ 0.72468087 -0.39109949  0.16559774 -0.12512439  0.20182106  2.\n",
      "   0.47339121]\n",
      " [ 1.018285    0.25334454 -0.07161368 -0.01313737  0.297767    0.47339121\n",
      "   2.        ]]\n",
      "b: [[-1.34921157]\n",
      " [ 2.14521653]\n",
      " [ 2.40323678]\n",
      " [ 1.31966447]\n",
      " [-2.6220686 ]\n",
      " [-1.83761757]\n",
      " [-2.04842105]]\n",
      "c: 26.52769889931207\n",
      "npiv0, npiv00: 7 7\n",
      "absxrelax: [1.34921157 2.14521653 2.40323678 1.31966447 2.6220686  1.83761757\n",
      " 2.04842105]\n",
      "supp1: [0 1 2 3]\n",
      "local_supp: [3 1 2 0]\n",
      "supp: [3 1 2 0]\n",
      "supp: [3 1 2 0]\n",
      "Ahat: [[ 2.         -0.11610166  0.08811671  0.50636872]\n",
      " [-0.11610166  2.         -0.13388214  0.28448606]\n",
      " [ 0.08811671 -0.13388214  2.         -0.21931982]\n",
      " [ 0.50636872  0.28448606 -0.21931982  2.        ]]\n",
      "bhat: [ 1.31966447  2.14521653  2.40323678 -1.34921157]\n",
      "c: 26.52769889931207\n",
      "xout,fout: [[ 0.97683825]\n",
      " [-1.34234271]\n",
      " [-1.14317446]\n",
      " [-0.93471012]\n",
      " [ 0.        ]\n",
      " [ 0.        ]\n",
      " [ 0.        ]] 22.438498952223288\n",
      "xbest,fbest: [[ 0.97683825]\n",
      " [-1.34234271]\n",
      " [-1.14317446]\n",
      " [-0.93471012]\n",
      " [ 0.        ]\n",
      " [ 0.        ]\n",
      " [ 0.        ]] 22.438498952223288\n",
      "xlb : [[ 0.03124998]\n",
      " [-1.15852338]\n",
      " [-1.13678109]\n",
      " [-0.58259988]\n",
      " [ 0.84912082]\n",
      " [ 0.44492115]\n",
      " [ 0.8787902 ]]\n",
      "fxlb: 21.09149032255412\n",
      "Selected node Y: (np.float64(21.09149032255412), 0, array([1, 1, 1, 1, 1, 1, 1]), 0, np.int64(7), 0, array([[ 0.03124998],\n",
      "       [-1.15852338],\n",
      "       [-1.13678109],\n",
      "       [-0.58259988],\n",
      "       [ 0.84912082],\n",
      "       [ 0.44492115],\n",
      "       [ 0.8787902 ]]))\n",
      "par_dir: [6 5 4 3 2 1 0]\n",
      "V0: [array([1, 1, 1, 1, 1, 1, 0]), 1, np.int64(6), 0]\n",
      "absxrelax: [1.34921157 2.14521653 2.40323678 1.31966447 2.6220686  1.83761757\n",
      " 2.04842105]\n",
      "supp1: [0 1 2 3]\n",
      "local_supp: [3 1 2 0]\n",
      "supp: [3 1 2 0]\n",
      "supp: [3 1 2 0]\n",
      "Ahat: [[ 2.         -0.11610166  0.08811671  0.50636872]\n",
      " [-0.11610166  2.         -0.13388214  0.28448606]\n",
      " [ 0.08811671 -0.13388214  2.         -0.21931982]\n",
      " [ 0.50636872  0.28448606 -0.21931982  2.        ]]\n",
      "bhat: [ 1.31966447  2.14521653  2.40323678 -1.34921157]\n",
      "c: 26.52769889931207\n",
      "xout,fout: [[ 0.97683825]\n",
      " [-1.34234271]\n",
      " [-1.14317446]\n",
      " [-0.93471012]\n",
      " [ 0.        ]\n",
      " [ 0.        ]\n",
      " [ 0.        ]] 22.438498952223288\n",
      "xtilde, fxtilde: [[ 0.97683825]\n",
      " [-1.34234271]\n",
      " [-1.14317446]\n",
      " [-0.93471012]\n",
      " [ 0.        ]\n",
      " [ 0.        ]\n",
      " [ 0.        ]] 22.438498952223288\n",
      "F call for V0\n",
      "#1 flag < npiv0\n",
      "Back sub xhat: [[ 0.48695705]\n",
      " [-1.10850199]\n",
      " [-1.11277184]\n",
      " [-0.69887372]\n",
      " [ 0.85334505]\n",
      " [ 0.48789895]\n",
      " [ 0.        ]]\n",
      "xlbV0,fxlbV0: [[ 0.48695705]\n",
      " [-1.10850199]\n",
      " [-1.11277184]\n",
      " [-0.69887372]\n",
      " [ 0.85334505]\n",
      " [ 0.48789895]\n",
      " [ 0.        ]] 21.644889471972466\n",
      "V0: [array([1, 1, 1, 1, 1, 1, 0]), 1, np.int64(6), 0]\n",
      "Ytemp: (np.float64(21.644889471972466), 1, array([1, 1, 1, 1, 1, 1, 0]), 1, np.int64(6), 0, array([[ 0.48695705],\n",
      "       [-1.10850199],\n",
      "       [-1.11277184],\n",
      "       [-0.69887372],\n",
      "       [ 0.85334505],\n",
      "       [ 0.48789895],\n",
      "       [ 0.        ]]))\n",
      "V2: [array([1, 1, 1, 1, 1, 1, 2]), 0, np.int64(6), 1]\n",
      "absxrelax: [1.34921157 2.14521653 2.40323678 1.31966447 2.6220686  1.83761757\n",
      " 2.04842105]\n",
      "supp1: [6 0 1 2]\n",
      "local_supp: [1 0 2 3]\n",
      "supp: [0 6 1 2]\n",
      "supp: [0 6 1 2]\n",
      "Ahat: [[ 2.          1.018285    0.28448606 -0.21931982]\n",
      " [ 1.018285    2.          0.25334454 -0.07161368]\n",
      " [ 0.28448606  0.25334454  2.         -0.13388214]\n",
      " [-0.21931982 -0.07161368 -0.13388214  2.        ]]\n",
      "bhat: [-1.34921157 -2.04842105  2.14521653  2.40323678]\n",
      "c: 26.52769889931207\n",
      "xout,fout: [[ 0.19284498]\n",
      " [-1.31526644]\n",
      " [-1.23097304]\n",
      " [ 0.        ]\n",
      " [ 0.        ]\n",
      " [ 0.        ]\n",
      " [ 1.04855345]] 22.43374326302979\n",
      "xtilde, fxtilde: [[ 0.19284498]\n",
      " [-1.31526644]\n",
      " [-1.23097304]\n",
      " [ 0.        ]\n",
      " [ 0.        ]\n",
      " [ 0.        ]\n",
      " [ 1.04855345]] 22.43374326302979\n",
      "xlb,fxlb: [[ 0.03124998]\n",
      " [-1.15852338]\n",
      " [-1.13678109]\n",
      " [-0.58259988]\n",
      " [ 0.84912082]\n",
      " [ 0.44492115]\n",
      " [ 0.8787902 ]] 21.09149032255412\n",
      "V2 added: [array([1, 1, 1, 1, 1, 1, 2]), 0, np.int64(6), 1]\n",
      "V0: [array([1, 1, 1, 1, 1, 0, 0]), 2, np.int64(5), 0]\n",
      "absxrelax: [1.34921157 2.14521653 2.40323678 1.31966447 2.6220686  1.83761757\n",
      " 2.04842105]\n",
      "supp1: [0 1 2 3]\n",
      "local_supp: [3 1 2 0]\n",
      "supp: [3 1 2 0]\n",
      "supp: [3 1 2 0]\n",
      "Ahat: [[ 2.         -0.11610166  0.08811671  0.50636872]\n",
      " [-0.11610166  2.         -0.13388214  0.28448606]\n",
      " [ 0.08811671 -0.13388214  2.         -0.21931982]\n",
      " [ 0.50636872  0.28448606 -0.21931982  2.        ]]\n",
      "bhat: [ 1.31966447  2.14521653  2.40323678 -1.34921157]\n",
      "c: 26.52769889931207\n",
      "xout,fout: [[ 0.97683825]\n",
      " [-1.34234271]\n",
      " [-1.14317446]\n",
      " [-0.93471012]\n",
      " [ 0.        ]\n",
      " [ 0.        ]\n",
      " [ 0.        ]] 22.438498952223288\n",
      "xtilde, fxtilde: [[ 0.97683825]\n",
      " [-1.34234271]\n",
      " [-1.14317446]\n",
      " [-0.93471012]\n",
      " [ 0.        ]\n",
      " [ 0.        ]\n",
      " [ 0.        ]] 22.438498952223288\n",
      "F call for V0\n",
      "#1 flag < npiv0\n",
      "Back sub xhat: [[ 0.71978865]\n",
      " [-1.24021158]\n",
      " [-1.05397601]\n",
      " [-0.80019359]\n",
      " [ 0.83344452]\n",
      " [ 0.        ]\n",
      " [ 0.        ]]\n",
      "xlbV0,fxlbV0: [[ 0.71978865]\n",
      " [-1.24021158]\n",
      " [-1.05397601]\n",
      " [-0.80019359]\n",
      " [ 0.83344452]\n",
      " [ 0.        ]\n",
      " [ 0.        ]] 21.824719276188084\n",
      "V0: [array([1, 1, 1, 1, 1, 0, 0]), 2, np.int64(5), 0]\n",
      "Ytemp: (np.float64(21.824719276188084), 3, array([1, 1, 1, 1, 1, 0, 0]), 2, np.int64(5), 0, array([[ 0.71978865],\n",
      "       [-1.24021158],\n",
      "       [-1.05397601],\n",
      "       [-0.80019359],\n",
      "       [ 0.83344452],\n",
      "       [ 0.        ],\n",
      "       [ 0.        ]]))\n",
      "V2: [array([1, 1, 1, 1, 1, 2, 0]), 1, np.int64(5), 1]\n",
      "absxrelax: [1.34921157 2.14521653 2.40323678 1.31966447 2.6220686  1.83761757\n",
      " 2.04842105]\n",
      "supp1: [5 0 1 2]\n",
      "local_supp: [1 0 2 3]\n",
      "supp: [0 5 1 2]\n",
      "supp: [0 5 1 2]\n",
      "Ahat: [[ 2.          0.72468087  0.28448606 -0.21931982]\n",
      " [ 0.72468087  2.         -0.39109949  0.16559774]\n",
      " [ 0.28448606 -0.39109949  2.         -0.13388214]\n",
      " [-0.21931982  0.16559774 -0.13388214  2.        ]]\n",
      "bhat: [-1.34921157 -1.83761757  2.14521653  2.40323678]\n",
      "c: 26.52769889931207\n",
      "xout,fout: [[ 0.45693759]\n",
      " [-1.09713726]\n",
      " [-1.27832353]\n",
      " [ 0.        ]\n",
      " [ 0.        ]\n",
      " [ 0.64454207]\n",
      " [ 0.        ]] 22.914381931248663\n",
      "xtilde, fxtilde: [[ 0.45693759]\n",
      " [-1.09713726]\n",
      " [-1.27832353]\n",
      " [ 0.        ]\n",
      " [ 0.        ]\n",
      " [ 0.64454207]\n",
      " [ 0.        ]] 22.914381931248663\n",
      "xlb,fxlb: [[ 0.48695705]\n",
      " [-1.10850199]\n",
      " [-1.11277184]\n",
      " [-0.69887372]\n",
      " [ 0.85334505]\n",
      " [ 0.48789895]\n",
      " [ 0.        ]] 21.644889471972466\n",
      "V2 added: [array([1, 1, 1, 1, 1, 2, 0]), 1, np.int64(5), 1]\n",
      "V0: [array([1, 1, 1, 1, 0, 0, 0]), 3, np.int64(4), 0]\n",
      "Reached leaf node for V0 box\n",
      "No flag 2 in V0\n",
      "Back sub xhat: [[ 0.97683825]\n",
      " [-1.34234271]\n",
      " [-1.14317446]\n",
      " [-0.93471012]\n",
      " [ 0.        ]\n",
      " [ 0.        ]\n",
      " [ 0.        ]]\n",
      "fxhat: 22.438498952223284\n",
      "V2: [array([1, 1, 1, 1, 2, 0, 0]), 2, np.int64(4), 1]\n",
      "absxrelax: [1.34921157 2.14521653 2.40323678 1.31966447 2.6220686  1.83761757\n",
      " 2.04842105]\n",
      "supp1: [4 0 1 2]\n",
      "local_supp: [1 0 2 3]\n",
      "supp: [0 4 1 2]\n",
      "supp: [0 4 1 2]\n",
      "Ahat: [[ 2.          0.52372094  0.28448606 -0.21931982]\n",
      " [ 0.52372094  2.         -0.1242741  -0.27950581]\n",
      " [ 0.28448606 -0.1242741   2.         -0.13388214]\n",
      " [-0.21931982 -0.27950581 -0.13388214  2.        ]]\n",
      "bhat: [-1.34921157 -2.6220686   2.14521653  2.40323678]\n",
      "c: 26.52769889931207\n",
      "xout,fout: [[ 0.46603411]\n",
      " [-1.15211017]\n",
      " [-1.09281909]\n",
      " [ 0.        ]\n",
      " [ 0.96468503]\n",
      " [ 0.        ]\n",
      " [ 0.        ]] 22.399660039293998\n",
      "xtilde, fxtilde: [[ 0.46603411]\n",
      " [-1.15211017]\n",
      " [-1.09281909]\n",
      " [ 0.        ]\n",
      " [ 0.96468503]\n",
      " [ 0.        ]\n",
      " [ 0.        ]] 22.399660039293998\n",
      "xlb,fxlb: [[ 0.71978865]\n",
      " [-1.24021158]\n",
      " [-1.05397601]\n",
      " [-0.80019359]\n",
      " [ 0.83344452]\n",
      " [ 0.        ]\n",
      " [ 0.        ]] 21.824719276188084\n",
      "V2 added: [array([1, 1, 1, 1, 2, 0, 0]), 2, np.int64(4), 1]\n",
      "Selected node Y: (np.float64(21.09149032255412), 2, array([1, 1, 1, 1, 1, 1, 2]), 0, np.int64(6), 1, array([[ 0.03124998],\n",
      "       [-1.15852338],\n",
      "       [-1.13678109],\n",
      "       [-0.58259988],\n",
      "       [ 0.84912082],\n",
      "       [ 0.44492115],\n",
      "       [ 0.8787902 ]]))\n",
      "par_dir: [5 4 3 2 1 0]\n",
      "V0: [array([1, 1, 1, 1, 1, 0, 2]), 1, np.int64(5), 1]\n",
      "absxrelax: [1.34921157 2.14521653 2.40323678 1.31966447 2.6220686  1.83761757\n",
      " 2.04842105]\n",
      "supp1: [6 0 1 2]\n",
      "local_supp: [1 0 2 3]\n",
      "supp: [0 6 1 2]\n",
      "supp: [0 6 1 2]\n",
      "Ahat: [[ 2.          1.018285    0.28448606 -0.21931982]\n",
      " [ 1.018285    2.          0.25334454 -0.07161368]\n",
      " [ 0.28448606  0.25334454  2.         -0.13388214]\n",
      " [-0.21931982 -0.07161368 -0.13388214  2.        ]]\n",
      "bhat: [-1.34921157 -2.04842105  2.14521653  2.40323678]\n",
      "c: 26.52769889931207\n",
      "xout,fout: [[ 0.19284498]\n",
      " [-1.31526644]\n",
      " [-1.23097304]\n",
      " [ 0.        ]\n",
      " [ 0.        ]\n",
      " [ 0.        ]\n",
      " [ 1.04855345]] 22.43374326302979\n",
      "xtilde, fxtilde: [[ 0.19284498]\n",
      " [-1.31526644]\n",
      " [-1.23097304]\n",
      " [ 0.        ]\n",
      " [ 0.        ]\n",
      " [ 0.        ]\n",
      " [ 1.04855345]] 22.43374326302979\n",
      "F call for V0\n",
      "#1 flag < npiv0\n",
      "n1,n2,p,r,n,Y,X,CE0: 5 1 7 7 30 [1 1 1 1 1 0 2] [[ 1.00000000e+00  0.00000000e+00  0.00000000e+00  0.00000000e+00\n",
      "   0.00000000e+00  0.00000000e+00  0.00000000e+00]\n",
      " [ 6.80167217e-02  1.00000000e+00  0.00000000e+00  0.00000000e+00\n",
      "   0.00000000e+00  0.00000000e+00  0.00000000e+00]\n",
      " [-8.71924390e-02 -9.42657978e-01  1.00000000e+00  0.00000000e+00\n",
      "   0.00000000e+00  0.00000000e+00  0.00000000e+00]\n",
      " [ 1.01282799e+00  1.14564868e+00 -1.38908558e+00  1.00000000e+00\n",
      "   0.00000000e+00  0.00000000e+00  0.00000000e+00]\n",
      " [ 1.72075183e-01 -1.93304222e+00 -1.33603971e-01  8.03180059e-01\n",
      "   1.00000000e+00  0.00000000e+00  0.00000000e+00]\n",
      " [-1.68160594e-01 -1.23836434e+00  8.27322931e-01  1.46708115e+00\n",
      "   1.14612157e+00  1.00000000e+00  0.00000000e+00]\n",
      " [-1.90716244e-01  7.61419630e-01 -5.71144985e-01  3.61057121e+00\n",
      "   2.39563621e+00  1.75216147e+00  1.00000000e+00]\n",
      " [-2.23042798e-01 -1.62871990e-01  1.79035456e-01 -2.24778792e+00\n",
      "  -1.94527662e+00 -3.40155502e+00 -5.49925821e+00]\n",
      " [-1.57233050e-01 -4.64515993e-01 -6.35646634e-01 -5.83832851e-01\n",
      "  -1.06552171e-01 -2.42780992e+00 -2.14303432e+00]\n",
      " [-7.20577643e-01 -1.63022840e+00 -1.16863015e-01 -1.26588690e+00\n",
      "   1.92240086e-01 -7.43080881e+00 -9.62328301e+00]\n",
      " [-5.44847071e-01 -1.20942579e+00  9.71889852e-01 -4.96440853e-01\n",
      "   3.48864413e-03  5.90638034e-01  6.00563997e-01]\n",
      " [-5.13878304e-01  9.53516719e-02  6.20798905e-02 -8.96780159e-01\n",
      "  -2.25089951e-01 -1.95553187e+00 -1.26727346e+00]\n",
      " [-7.59769791e-02  1.18201039e+00  6.63456049e-01  4.46314151e+00\n",
      "   2.30370292e+00  1.17553052e+01  1.28320690e+01]\n",
      " [ 1.62387496e-01  2.62515911e-01  4.20546925e-01  2.68374373e-01\n",
      "   1.08873315e-02  2.59954985e+00  1.88217536e+00]\n",
      " [-5.95042321e-01  5.72632280e-01  1.50318454e+00  1.67161689e+00\n",
      "   2.69268678e-01  6.47574005e+00  5.49340628e+00]\n",
      " [ 8.58680769e-01  3.01012555e+00 -1.38896860e+00 -8.08155655e-02\n",
      "  -5.58532803e-01  4.04916029e+00  7.45470158e+00]\n",
      " [ 3.60660378e-01  2.76020728e-01 -6.48789936e-01  2.98229368e+00\n",
      "   2.48893378e+00 -1.85046448e-01 -1.32478052e+00]\n",
      " [ 1.36551341e-01 -5.43923556e-01 -1.14532127e+00 -8.54084216e-01\n",
      "   3.80056213e-01 -3.02569069e+00 -9.93213540e-01]\n",
      " [ 1.85097801e-01  8.70596502e-01  1.47920177e-01  3.78860907e+00\n",
      "   2.10232257e+00  4.76434829e+00  3.73763743e+00]\n",
      " [ 2.60270279e-01  7.86579843e-01  1.15690314e-01 -1.19182721e+00\n",
      "  -1.44490614e+00 -1.42539157e+00 -1.99058099e+00]\n",
      " [ 2.86245284e-01  1.41974278e+00 -3.19122941e-01  1.14620869e+00\n",
      "   1.00376505e+00 -1.87464556e+00 -2.09022373e+00]\n",
      " [-2.63373188e-02 -7.61172699e-01 -5.57166315e-01 -3.97433686e+00\n",
      "  -1.94262216e+00 -6.09790831e+00 -4.09905554e+00]\n",
      " [-4.76001453e-01 -8.67576254e-01  9.12577652e-01 -1.84865821e+00\n",
      "  -1.58652722e+00 -2.24539559e+00 -4.35281158e+00]\n",
      " [-5.40673379e-01 -1.55456492e+00  1.67037579e-01  4.15249245e-01\n",
      "   1.30520853e+00  2.66314308e+00  5.81298700e+00]\n",
      " [ 1.45658266e-01 -4.86665702e-01  4.16189959e-01 -7.42694039e-02\n",
      "   8.27212829e-02  7.95947854e-01  1.57375587e+00]\n",
      " [-1.98475862e-01 -4.99294356e-01 -6.55808355e-01 -2.78185752e+00\n",
      "  -1.50373954e+00 -4.21607129e+00 -2.60635214e+00]\n",
      " [-7.08069996e-01 -5.55298728e-01  6.30564016e-01 -4.77357407e+00\n",
      "  -3.62007860e+00 -6.60505168e+00 -8.63439403e+00]\n",
      " [-1.34660547e-02  6.55827936e-01 -5.54254136e-02 -2.60178884e+00\n",
      "  -2.50563112e+00  4.76001987e-01  1.22387611e+00]\n",
      " [ 5.98038277e-01  4.18194483e-01  1.11042342e+00  1.85700640e+00\n",
      "   2.84960693e-01  4.10574302e+00  1.29194467e+00]\n",
      " [-6.81827780e-03  3.92936546e-01 -1.51097175e+00  1.98608291e-01\n",
      "   4.69642773e-01 -1.36832391e-01  1.72114380e+00]] [[ 1.00000000e+00  0.00000000e+00  0.00000000e+00  0.00000000e+00\n",
      "   0.00000000e+00  0.00000000e+00  0.00000000e+00]\n",
      " [ 6.80167217e-02  1.00000000e+00  0.00000000e+00  0.00000000e+00\n",
      "   0.00000000e+00  0.00000000e+00  0.00000000e+00]\n",
      " [-8.71924390e-02 -9.42657978e-01  1.00000000e+00  0.00000000e+00\n",
      "   0.00000000e+00  0.00000000e+00  0.00000000e+00]\n",
      " [ 1.01282799e+00  1.14564868e+00 -1.38908558e+00  1.00000000e+00\n",
      "   0.00000000e+00  0.00000000e+00  0.00000000e+00]\n",
      " [ 1.72075183e-01 -1.93304222e+00 -1.33603971e-01  8.03180059e-01\n",
      "   1.00000000e+00  0.00000000e+00  0.00000000e+00]\n",
      " [-1.68160594e-01 -1.23836434e+00  8.27322931e-01  1.46708115e+00\n",
      "   1.14612157e+00  1.00000000e+00  0.00000000e+00]\n",
      " [-1.90716244e-01  7.61419630e-01 -5.71144985e-01  3.61057121e+00\n",
      "   2.39563621e+00  1.75216147e+00  1.00000000e+00]\n",
      " [-2.23042798e-01 -1.62871990e-01  1.79035456e-01 -2.24778792e+00\n",
      "  -1.94527662e+00 -3.40155502e+00 -5.49925821e+00]\n",
      " [-1.57233050e-01 -4.64515993e-01 -6.35646634e-01 -5.83832851e-01\n",
      "  -1.06552171e-01 -2.42780992e+00 -2.14303432e+00]\n",
      " [-7.20577643e-01 -1.63022840e+00 -1.16863015e-01 -1.26588690e+00\n",
      "   1.92240086e-01 -7.43080881e+00 -9.62328301e+00]\n",
      " [-5.44847071e-01 -1.20942579e+00  9.71889852e-01 -4.96440853e-01\n",
      "   3.48864413e-03  5.90638034e-01  6.00563997e-01]\n",
      " [-5.13878304e-01  9.53516719e-02  6.20798905e-02 -8.96780159e-01\n",
      "  -2.25089951e-01 -1.95553187e+00 -1.26727346e+00]\n",
      " [-7.59769791e-02  1.18201039e+00  6.63456049e-01  4.46314151e+00\n",
      "   2.30370292e+00  1.17553052e+01  1.28320690e+01]\n",
      " [ 1.62387496e-01  2.62515911e-01  4.20546925e-01  2.68374373e-01\n",
      "   1.08873315e-02  2.59954985e+00  1.88217536e+00]\n",
      " [-5.95042321e-01  5.72632280e-01  1.50318454e+00  1.67161689e+00\n",
      "   2.69268678e-01  6.47574005e+00  5.49340628e+00]\n",
      " [ 8.58680769e-01  3.01012555e+00 -1.38896860e+00 -8.08155655e-02\n",
      "  -5.58532803e-01  4.04916029e+00  7.45470158e+00]\n",
      " [ 3.60660378e-01  2.76020728e-01 -6.48789936e-01  2.98229368e+00\n",
      "   2.48893378e+00 -1.85046448e-01 -1.32478052e+00]\n",
      " [ 1.36551341e-01 -5.43923556e-01 -1.14532127e+00 -8.54084216e-01\n",
      "   3.80056213e-01 -3.02569069e+00 -9.93213540e-01]\n",
      " [ 1.85097801e-01  8.70596502e-01  1.47920177e-01  3.78860907e+00\n",
      "   2.10232257e+00  4.76434829e+00  3.73763743e+00]\n",
      " [ 2.60270279e-01  7.86579843e-01  1.15690314e-01 -1.19182721e+00\n",
      "  -1.44490614e+00 -1.42539157e+00 -1.99058099e+00]\n",
      " [ 2.86245284e-01  1.41974278e+00 -3.19122941e-01  1.14620869e+00\n",
      "   1.00376505e+00 -1.87464556e+00 -2.09022373e+00]\n",
      " [-2.63373188e-02 -7.61172699e-01 -5.57166315e-01 -3.97433686e+00\n",
      "  -1.94262216e+00 -6.09790831e+00 -4.09905554e+00]\n",
      " [-4.76001453e-01 -8.67576254e-01  9.12577652e-01 -1.84865821e+00\n",
      "  -1.58652722e+00 -2.24539559e+00 -4.35281158e+00]\n",
      " [-5.40673379e-01 -1.55456492e+00  1.67037579e-01  4.15249245e-01\n",
      "   1.30520853e+00  2.66314308e+00  5.81298700e+00]\n",
      " [ 1.45658266e-01 -4.86665702e-01  4.16189959e-01 -7.42694039e-02\n",
      "   8.27212829e-02  7.95947854e-01  1.57375587e+00]\n",
      " [-1.98475862e-01 -4.99294356e-01 -6.55808355e-01 -2.78185752e+00\n",
      "  -1.50373954e+00 -4.21607129e+00 -2.60635214e+00]\n",
      " [-7.08069996e-01 -5.55298728e-01  6.30564016e-01 -4.77357407e+00\n",
      "  -3.62007860e+00 -6.60505168e+00 -8.63439403e+00]\n",
      " [-1.34660547e-02  6.55827936e-01 -5.54254136e-02 -2.60178884e+00\n",
      "  -2.50563112e+00  4.76001987e-01  1.22387611e+00]\n",
      " [ 5.98038277e-01  4.18194483e-01  1.11042342e+00  1.85700640e+00\n",
      "   2.84960693e-01  4.10574302e+00  1.29194467e+00]\n",
      " [-6.81827780e-03  3.92936546e-01 -1.51097175e+00  1.98608291e-01\n",
      "   4.69642773e-01 -1.36832391e-01  1.72114380e+00]]\n",
      "id: [0 1 2 3 4 0]\n",
      "iflag2: (array([6]),)\n",
      "id: [0 1 2 3 4 6]\n",
      "CE: [[ 1.00000000e+00  0.00000000e+00  0.00000000e+00  0.00000000e+00\n",
      "   0.00000000e+00  0.00000000e+00]\n",
      " [ 6.80167217e-02  1.00000000e+00  0.00000000e+00  0.00000000e+00\n",
      "   0.00000000e+00  0.00000000e+00]\n",
      " [-8.71924390e-02 -9.42657978e-01  1.00000000e+00  0.00000000e+00\n",
      "   0.00000000e+00  0.00000000e+00]\n",
      " [ 1.01282799e+00  1.14564868e+00 -1.38908558e+00  1.00000000e+00\n",
      "   0.00000000e+00  0.00000000e+00]\n",
      " [ 1.72075183e-01 -1.93304222e+00 -1.33603971e-01  8.03180059e-01\n",
      "   1.00000000e+00  0.00000000e+00]\n",
      " [-1.68160594e-01 -1.23836434e+00  8.27322931e-01  1.46708115e+00\n",
      "   1.14612157e+00  0.00000000e+00]\n",
      " [-1.90716244e-01  7.61419630e-01 -5.71144985e-01  3.61057121e+00\n",
      "   2.39563621e+00  1.00000000e+00]\n",
      " [-2.23042798e-01 -1.62871990e-01  1.79035456e-01 -2.24778792e+00\n",
      "  -1.94527662e+00 -5.49925821e+00]\n",
      " [-1.57233050e-01 -4.64515993e-01 -6.35646634e-01 -5.83832851e-01\n",
      "  -1.06552171e-01 -2.14303432e+00]\n",
      " [-7.20577643e-01 -1.63022840e+00 -1.16863015e-01 -1.26588690e+00\n",
      "   1.92240086e-01 -9.62328301e+00]\n",
      " [-5.44847071e-01 -1.20942579e+00  9.71889852e-01 -4.96440853e-01\n",
      "   3.48864413e-03  6.00563997e-01]\n",
      " [-5.13878304e-01  9.53516719e-02  6.20798905e-02 -8.96780159e-01\n",
      "  -2.25089951e-01 -1.26727346e+00]\n",
      " [-7.59769791e-02  1.18201039e+00  6.63456049e-01  4.46314151e+00\n",
      "   2.30370292e+00  1.28320690e+01]\n",
      " [ 1.62387496e-01  2.62515911e-01  4.20546925e-01  2.68374373e-01\n",
      "   1.08873315e-02  1.88217536e+00]\n",
      " [-5.95042321e-01  5.72632280e-01  1.50318454e+00  1.67161689e+00\n",
      "   2.69268678e-01  5.49340628e+00]\n",
      " [ 8.58680769e-01  3.01012555e+00 -1.38896860e+00 -8.08155655e-02\n",
      "  -5.58532803e-01  7.45470158e+00]\n",
      " [ 3.60660378e-01  2.76020728e-01 -6.48789936e-01  2.98229368e+00\n",
      "   2.48893378e+00 -1.32478052e+00]\n",
      " [ 1.36551341e-01 -5.43923556e-01 -1.14532127e+00 -8.54084216e-01\n",
      "   3.80056213e-01 -9.93213540e-01]\n",
      " [ 1.85097801e-01  8.70596502e-01  1.47920177e-01  3.78860907e+00\n",
      "   2.10232257e+00  3.73763743e+00]\n",
      " [ 2.60270279e-01  7.86579843e-01  1.15690314e-01 -1.19182721e+00\n",
      "  -1.44490614e+00 -1.99058099e+00]\n",
      " [ 2.86245284e-01  1.41974278e+00 -3.19122941e-01  1.14620869e+00\n",
      "   1.00376505e+00 -2.09022373e+00]\n",
      " [-2.63373188e-02 -7.61172699e-01 -5.57166315e-01 -3.97433686e+00\n",
      "  -1.94262216e+00 -4.09905554e+00]\n",
      " [-4.76001453e-01 -8.67576254e-01  9.12577652e-01 -1.84865821e+00\n",
      "  -1.58652722e+00 -4.35281158e+00]\n",
      " [-5.40673379e-01 -1.55456492e+00  1.67037579e-01  4.15249245e-01\n",
      "   1.30520853e+00  5.81298700e+00]\n",
      " [ 1.45658266e-01 -4.86665702e-01  4.16189959e-01 -7.42694039e-02\n",
      "   8.27212829e-02  1.57375587e+00]\n",
      " [-1.98475862e-01 -4.99294356e-01 -6.55808355e-01 -2.78185752e+00\n",
      "  -1.50373954e+00 -2.60635214e+00]\n",
      " [-7.08069996e-01 -5.55298728e-01  6.30564016e-01 -4.77357407e+00\n",
      "  -3.62007860e+00 -8.63439403e+00]\n",
      " [-1.34660547e-02  6.55827936e-01 -5.54254136e-02 -2.60178884e+00\n",
      "  -2.50563112e+00  1.22387611e+00]\n",
      " [ 5.98038277e-01  4.18194483e-01  1.11042342e+00  1.85700640e+00\n",
      "   2.84960693e-01  1.29194467e+00]\n",
      " [-6.81827780e-03  3.92936546e-01 -1.51097175e+00  1.98608291e-01\n",
      "   4.69642773e-01  1.72114380e+00]]\n",
      "ET: [[ 1.00000000e+00  6.80167217e-02 -8.71924390e-02  1.01282799e+00\n",
      "   1.72075183e-01 -1.68160594e-01 -1.90716244e-01 -2.23042798e-01\n",
      "  -1.57233050e-01 -7.20577643e-01 -5.44847071e-01 -5.13878304e-01\n",
      "  -7.59769791e-02  1.62387496e-01 -5.95042321e-01  8.58680769e-01\n",
      "   3.60660378e-01  1.36551341e-01  1.85097801e-01  2.60270279e-01\n",
      "   2.86245284e-01 -2.63373188e-02 -4.76001453e-01 -5.40673379e-01\n",
      "   1.45658266e-01 -1.98475862e-01 -7.08069996e-01 -1.34660547e-02\n",
      "   5.98038277e-01 -6.81827780e-03]\n",
      " [ 0.00000000e+00  1.00000000e+00 -9.42657978e-01  1.14564868e+00\n",
      "  -1.93304222e+00 -1.23836434e+00  7.61419630e-01 -1.62871990e-01\n",
      "  -4.64515993e-01 -1.63022840e+00 -1.20942579e+00  9.53516719e-02\n",
      "   1.18201039e+00  2.62515911e-01  5.72632280e-01  3.01012555e+00\n",
      "   2.76020728e-01 -5.43923556e-01  8.70596502e-01  7.86579843e-01\n",
      "   1.41974278e+00 -7.61172699e-01 -8.67576254e-01 -1.55456492e+00\n",
      "  -4.86665702e-01 -4.99294356e-01 -5.55298728e-01  6.55827936e-01\n",
      "   4.18194483e-01  3.92936546e-01]\n",
      " [ 0.00000000e+00  0.00000000e+00  1.00000000e+00 -1.38908558e+00\n",
      "  -1.33603971e-01  8.27322931e-01 -5.71144985e-01  1.79035456e-01\n",
      "  -6.35646634e-01 -1.16863015e-01  9.71889852e-01  6.20798905e-02\n",
      "   6.63456049e-01  4.20546925e-01  1.50318454e+00 -1.38896860e+00\n",
      "  -6.48789936e-01 -1.14532127e+00  1.47920177e-01  1.15690314e-01\n",
      "  -3.19122941e-01 -5.57166315e-01  9.12577652e-01  1.67037579e-01\n",
      "   4.16189959e-01 -6.55808355e-01  6.30564016e-01 -5.54254136e-02\n",
      "   1.11042342e+00 -1.51097175e+00]\n",
      " [ 0.00000000e+00  0.00000000e+00  0.00000000e+00  1.00000000e+00\n",
      "   8.03180059e-01  1.46708115e+00  3.61057121e+00 -2.24778792e+00\n",
      "  -5.83832851e-01 -1.26588690e+00 -4.96440853e-01 -8.96780159e-01\n",
      "   4.46314151e+00  2.68374373e-01  1.67161689e+00 -8.08155655e-02\n",
      "   2.98229368e+00 -8.54084216e-01  3.78860907e+00 -1.19182721e+00\n",
      "   1.14620869e+00 -3.97433686e+00 -1.84865821e+00  4.15249245e-01\n",
      "  -7.42694039e-02 -2.78185752e+00 -4.77357407e+00 -2.60178884e+00\n",
      "   1.85700640e+00  1.98608291e-01]\n",
      " [ 0.00000000e+00  0.00000000e+00  0.00000000e+00  0.00000000e+00\n",
      "   1.00000000e+00  1.14612157e+00  2.39563621e+00 -1.94527662e+00\n",
      "  -1.06552171e-01  1.92240086e-01  3.48864413e-03 -2.25089951e-01\n",
      "   2.30370292e+00  1.08873315e-02  2.69268678e-01 -5.58532803e-01\n",
      "   2.48893378e+00  3.80056213e-01  2.10232257e+00 -1.44490614e+00\n",
      "   1.00376505e+00 -1.94262216e+00 -1.58652722e+00  1.30520853e+00\n",
      "   8.27212829e-02 -1.50373954e+00 -3.62007860e+00 -2.50563112e+00\n",
      "   2.84960693e-01  4.69642773e-01]\n",
      " [ 0.00000000e+00  0.00000000e+00  0.00000000e+00  0.00000000e+00\n",
      "   0.00000000e+00  0.00000000e+00  1.00000000e+00 -5.49925821e+00\n",
      "  -2.14303432e+00 -9.62328301e+00  6.00563997e-01 -1.26727346e+00\n",
      "   1.28320690e+01  1.88217536e+00  5.49340628e+00  7.45470158e+00\n",
      "  -1.32478052e+00 -9.93213540e-01  3.73763743e+00 -1.99058099e+00\n",
      "  -2.09022373e+00 -4.09905554e+00 -4.35281158e+00  5.81298700e+00\n",
      "   1.57375587e+00 -2.60635214e+00 -8.63439403e+00  1.22387611e+00\n",
      "   1.29194467e+00  1.72114380e+00]]\n",
      "n1,n2,p,r: 5 1 7 7\n",
      "id: [ 0  1  2  3  4 -6]\n",
      "A0: [[ 2.          0.28448606 -0.21931982  0.50636872  0.52372094  0.72468087\n",
      "   1.018285    1.34921157]\n",
      " [ 0.28448606  2.         -0.13388214 -0.11610166 -0.1242741  -0.39109949\n",
      "   0.25334454 -2.14521653]\n",
      " [-0.21931982 -0.13388214  2.          0.08811671 -0.27950581  0.16559774\n",
      "  -0.07161368 -2.40323678]\n",
      " [ 0.50636872 -0.11610166  0.08811671  2.         -0.16182656 -0.12512439\n",
      "  -0.01313737 -1.31966447]\n",
      " [ 0.52372094 -0.1242741  -0.27950581 -0.16182656  2.          0.20182106\n",
      "   0.297767    2.6220686 ]\n",
      " [ 0.72468087 -0.39109949  0.16559774 -0.12512439  0.20182106  2.\n",
      "   0.47339121  1.83761757]\n",
      " [ 1.018285    0.25334454 -0.07161368 -0.01313737  0.297767    0.47339121\n",
      "   2.          2.04842105]]\n",
      "E0: [[ 1.          0.14224303 -0.10965991  0.25318436  0.26186047  0.36234043\n",
      "   0.5091425   0.67460579]\n",
      " [ 0.          1.         -0.05240299 -0.09600706 -0.10143726 -0.25219278\n",
      "   0.05537062 -1.19269819]\n",
      " [ 0.          0.          1.          0.06789236 -0.11798156  0.11122155\n",
      "   0.02321012 -1.20663413]\n",
      " [ 0.          0.          0.          1.         -0.1613983  -0.20108253\n",
      "  -0.14292115 -0.93471012]\n",
      " [ 0.          0.          0.          0.          1.         -0.04078822\n",
      "   0.0028121   0.83344452]\n",
      " [ 0.          0.          0.          0.          0.          1.\n",
      "   0.04890564  0.48789895]\n",
      " [ 0.          0.          0.          0.          0.          0.\n",
      "   1.          0.8787902 ]]\n",
      "d: 6\n",
      "cia: [0 1 2 3 4 6]\n",
      "E0[:,cia]: [[ 1.          0.14224303 -0.10965991  0.25318436  0.26186047  0.5091425 ]\n",
      " [ 0.          1.         -0.05240299 -0.09600706 -0.10143726  0.05537062]\n",
      " [ 0.          0.          1.          0.06789236 -0.11798156  0.02321012]\n",
      " [ 0.          0.          0.          1.         -0.1613983  -0.14292115]\n",
      " [ 0.          0.          0.          0.          1.          0.0028121 ]\n",
      " [ 0.          0.          0.          0.          0.          0.04890564]\n",
      " [ 0.          0.          0.          0.          0.          1.        ]]\n",
      "E0[:,p]: [ 0.67460579 -1.19269819 -1.20663413 -0.93471012  0.83344452  0.48789895\n",
      "  0.8787902 ]\n",
      "tempE[cia[:n1],:]: [[ 1.          0.14224303 -0.10965991  0.25318436  0.26186047  0.5091425\n",
      "   0.67460579]\n",
      " [ 0.          1.         -0.05240299 -0.09600706 -0.10143726  0.05537062\n",
      "  -1.19269819]\n",
      " [ 0.          0.          1.          0.06789236 -0.11798156  0.02321012\n",
      "  -1.20663413]\n",
      " [ 0.          0.          0.          1.         -0.1613983  -0.14292115\n",
      "  -0.93471012]\n",
      " [ 0.          0.          0.          0.          1.          0.0028121\n",
      "   0.83344452]]\n",
      "cia[n1:d], np.concatenate((cia,[p])): [6] [0 1 2 3 4 6 7]\n",
      "A0[cia[n1:d], np.concatenate((cia,[p])) ]: [[ 1.018285    0.25334454 -0.07161368 -0.01313737  0.297767    2.\n",
      "   2.04842105]]\n",
      "Updated EF xhat: [[ 0.2311726 ]\n",
      " [-1.27963134]\n",
      " [-1.08392443]\n",
      " [-0.67173489]\n",
      " [ 0.83090894]\n",
      " [ 0.        ]\n",
      " [ 0.90167158]]\n",
      "xlbV0,fxlbV0: [[ 0.2311726 ]\n",
      " [-1.27963134]\n",
      " [-1.08392443]\n",
      " [-0.67173489]\n",
      " [ 0.83090894]\n",
      " [ 0.        ]\n",
      " [ 0.90167158]] 21.24065786311789\n",
      "V0: [array([1, 1, 1, 1, 1, 0, 2]), 1, np.int64(5), 1]\n",
      "Ytemp: (np.float64(21.24065786311789), 6, array([1, 1, 1, 1, 1, 0, 2]), 1, np.int64(5), 1, array([[ 0.2311726 ],\n",
      "       [-1.27963134],\n",
      "       [-1.08392443],\n",
      "       [-0.67173489],\n",
      "       [ 0.83090894],\n",
      "       [ 0.        ],\n",
      "       [ 0.90167158]]))\n",
      "V2: [array([1, 1, 1, 1, 1, 2, 2]), 0, np.int64(5), 2]\n",
      "absxrelax: [1.34921157 2.14521653 2.40323678 1.31966447 2.6220686  1.83761757\n",
      " 2.04842105]\n",
      "supp1: [5 6 0 1]\n",
      "local_supp: [2 1 0 3]\n",
      "supp: [0 6 5 1]\n",
      "supp: [0 6 5 1]\n",
      "Ahat: [[ 2.          1.018285    0.72468087  0.28448606]\n",
      " [ 1.018285    2.          0.47339121  0.25334454]\n",
      " [ 0.72468087  0.47339121  2.         -0.39109949]\n",
      " [ 0.28448606  0.25334454 -0.39109949  2.        ]]\n",
      "bhat: [-1.34921157 -2.04842105 -1.83761757  2.14521653]\n",
      "c: 26.52769889931207\n",
      "xout,fout: [[ 0.19953924]\n",
      " [-1.14807185]\n",
      " [ 0.        ]\n",
      " [ 0.        ]\n",
      " [ 0.        ]\n",
      " [ 0.39111297]\n",
      " [ 0.97547054]] 23.803208483189838\n",
      "xtilde, fxtilde: [[ 0.19953924]\n",
      " [-1.14807185]\n",
      " [ 0.        ]\n",
      " [ 0.        ]\n",
      " [ 0.        ]\n",
      " [ 0.39111297]\n",
      " [ 0.97547054]] 23.803208483189838\n",
      "xlb,fxlb: [[ 0.03124998]\n",
      " [-1.15852338]\n",
      " [-1.13678109]\n",
      " [-0.58259988]\n",
      " [ 0.84912082]\n",
      " [ 0.44492115]\n",
      " [ 0.8787902 ]] 21.09149032255412\n",
      "V2 added: [array([1, 1, 1, 1, 1, 2, 2]), 0, np.int64(5), 2]\n",
      "V0: [array([1, 1, 1, 1, 0, 0, 2]), 2, np.int64(4), 1]\n",
      "absxrelax: [1.34921157 2.14521653 2.40323678 1.31966447 2.6220686  1.83761757\n",
      " 2.04842105]\n",
      "supp1: [6 0 1 2]\n",
      "local_supp: [1 0 2 3]\n",
      "supp: [0 6 1 2]\n",
      "supp: [0 6 1 2]\n",
      "Ahat: [[ 2.          1.018285    0.28448606 -0.21931982]\n",
      " [ 1.018285    2.          0.25334454 -0.07161368]\n",
      " [ 0.28448606  0.25334454  2.         -0.13388214]\n",
      " [-0.21931982 -0.07161368 -0.13388214  2.        ]]\n",
      "bhat: [-1.34921157 -2.04842105  2.14521653  2.40323678]\n",
      "c: 26.52769889931207\n",
      "xout,fout: [[ 0.19284498]\n",
      " [-1.31526644]\n",
      " [-1.23097304]\n",
      " [ 0.        ]\n",
      " [ 0.        ]\n",
      " [ 0.        ]\n",
      " [ 1.04855345]] 22.43374326302979\n",
      "xtilde, fxtilde: [[ 0.19284498]\n",
      " [-1.31526644]\n",
      " [-1.23097304]\n",
      " [ 0.        ]\n",
      " [ 0.        ]\n",
      " [ 0.        ]\n",
      " [ 1.04855345]] 22.43374326302979\n",
      "F call for V0\n",
      "#1 flag < npiv0\n",
      "n1,n2,p,r,n,Y,X,CE0: 4 1 7 7 30 [1 1 1 1 0 0 2] [[ 1.00000000e+00  0.00000000e+00  0.00000000e+00  0.00000000e+00\n",
      "   0.00000000e+00  0.00000000e+00  0.00000000e+00]\n",
      " [ 6.80167217e-02  1.00000000e+00  0.00000000e+00  0.00000000e+00\n",
      "   0.00000000e+00  0.00000000e+00  0.00000000e+00]\n",
      " [-8.71924390e-02 -9.42657978e-01  1.00000000e+00  0.00000000e+00\n",
      "   0.00000000e+00  0.00000000e+00  0.00000000e+00]\n",
      " [ 1.01282799e+00  1.14564868e+00 -1.38908558e+00  1.00000000e+00\n",
      "   0.00000000e+00  0.00000000e+00  0.00000000e+00]\n",
      " [ 1.72075183e-01 -1.93304222e+00 -1.33603971e-01  8.03180059e-01\n",
      "   1.00000000e+00  0.00000000e+00  0.00000000e+00]\n",
      " [-1.68160594e-01 -1.23836434e+00  8.27322931e-01  1.46708115e+00\n",
      "   1.14612157e+00  1.00000000e+00  0.00000000e+00]\n",
      " [-1.90716244e-01  7.61419630e-01 -5.71144985e-01  3.61057121e+00\n",
      "   2.39563621e+00  1.75216147e+00  1.00000000e+00]\n",
      " [-2.23042798e-01 -1.62871990e-01  1.79035456e-01 -2.24778792e+00\n",
      "  -1.94527662e+00 -3.40155502e+00 -5.49925821e+00]\n",
      " [-1.57233050e-01 -4.64515993e-01 -6.35646634e-01 -5.83832851e-01\n",
      "  -1.06552171e-01 -2.42780992e+00 -2.14303432e+00]\n",
      " [-7.20577643e-01 -1.63022840e+00 -1.16863015e-01 -1.26588690e+00\n",
      "   1.92240086e-01 -7.43080881e+00 -9.62328301e+00]\n",
      " [-5.44847071e-01 -1.20942579e+00  9.71889852e-01 -4.96440853e-01\n",
      "   3.48864413e-03  5.90638034e-01  6.00563997e-01]\n",
      " [-5.13878304e-01  9.53516719e-02  6.20798905e-02 -8.96780159e-01\n",
      "  -2.25089951e-01 -1.95553187e+00 -1.26727346e+00]\n",
      " [-7.59769791e-02  1.18201039e+00  6.63456049e-01  4.46314151e+00\n",
      "   2.30370292e+00  1.17553052e+01  1.28320690e+01]\n",
      " [ 1.62387496e-01  2.62515911e-01  4.20546925e-01  2.68374373e-01\n",
      "   1.08873315e-02  2.59954985e+00  1.88217536e+00]\n",
      " [-5.95042321e-01  5.72632280e-01  1.50318454e+00  1.67161689e+00\n",
      "   2.69268678e-01  6.47574005e+00  5.49340628e+00]\n",
      " [ 8.58680769e-01  3.01012555e+00 -1.38896860e+00 -8.08155655e-02\n",
      "  -5.58532803e-01  4.04916029e+00  7.45470158e+00]\n",
      " [ 3.60660378e-01  2.76020728e-01 -6.48789936e-01  2.98229368e+00\n",
      "   2.48893378e+00 -1.85046448e-01 -1.32478052e+00]\n",
      " [ 1.36551341e-01 -5.43923556e-01 -1.14532127e+00 -8.54084216e-01\n",
      "   3.80056213e-01 -3.02569069e+00 -9.93213540e-01]\n",
      " [ 1.85097801e-01  8.70596502e-01  1.47920177e-01  3.78860907e+00\n",
      "   2.10232257e+00  4.76434829e+00  3.73763743e+00]\n",
      " [ 2.60270279e-01  7.86579843e-01  1.15690314e-01 -1.19182721e+00\n",
      "  -1.44490614e+00 -1.42539157e+00 -1.99058099e+00]\n",
      " [ 2.86245284e-01  1.41974278e+00 -3.19122941e-01  1.14620869e+00\n",
      "   1.00376505e+00 -1.87464556e+00 -2.09022373e+00]\n",
      " [-2.63373188e-02 -7.61172699e-01 -5.57166315e-01 -3.97433686e+00\n",
      "  -1.94262216e+00 -6.09790831e+00 -4.09905554e+00]\n",
      " [-4.76001453e-01 -8.67576254e-01  9.12577652e-01 -1.84865821e+00\n",
      "  -1.58652722e+00 -2.24539559e+00 -4.35281158e+00]\n",
      " [-5.40673379e-01 -1.55456492e+00  1.67037579e-01  4.15249245e-01\n",
      "   1.30520853e+00  2.66314308e+00  5.81298700e+00]\n",
      " [ 1.45658266e-01 -4.86665702e-01  4.16189959e-01 -7.42694039e-02\n",
      "   8.27212829e-02  7.95947854e-01  1.57375587e+00]\n",
      " [-1.98475862e-01 -4.99294356e-01 -6.55808355e-01 -2.78185752e+00\n",
      "  -1.50373954e+00 -4.21607129e+00 -2.60635214e+00]\n",
      " [-7.08069996e-01 -5.55298728e-01  6.30564016e-01 -4.77357407e+00\n",
