{
 "cells": [
  {
   "cell_type": "code",
   "execution_count": null,
   "id": "355280df",
   "metadata": {},
   "outputs": [
    {
     "name": "stdout",
     "output_type": "stream",
     "text": [
      "A,b,c: [[ 2.          0.47012747  0.4090279   0.34899272 -0.53074882]\n",
      " [ 0.47012747  2.          0.83474769 -0.22215772  0.17466388]\n",
      " [ 0.4090279   0.83474769  2.         -0.36060233  0.87273784]\n",
      " [ 0.34899272 -0.22215772 -0.36060233  2.          0.58575358]\n",
      " [-0.53074882  0.17466388  0.87273784  0.58575358  2.        ]] [[-0.63526821]\n",
      " [-0.38474006]\n",
      " [-0.24027198]\n",
      " [-1.23857424]\n",
      " [-0.75933276]] 2.9453397619274906\n",
      "p,k= 5 3\n",
      "x0,fx0: [[0.32350718]\n",
      " [0.        ]\n",
      " [0.        ]\n",
      " [0.46651321]\n",
      " [0.32888602]] 2.4288102621281937\n",
      "ipiv0: [2 3 0 1 4]\n",
      "ipiv1: []\n",
      "npiv0, npiv00: 5 5\n",
      "supp: [2 1 4]\n",
      "Ahat: [[ 2.          0.34899272 -0.53074882]\n",
      " [ 0.34899272  2.          0.58575358]\n",
      " [-0.53074882  0.58575358  2.        ]]\n",
      "bhat: [-0.63526821 -1.23857424 -0.75933276]\n",
      "c: 2.9453397619274906\n",
      "xout,fout: [[0.        ]\n",
      " [0.46651321]\n",
      " [0.32350718]\n",
      " [0.        ]\n",
      " [0.32888602]] 2.4288102621281933\n",
      "xbest,fbest: [[0.        ]\n",
      " [0.46651321]\n",
      " [0.32350718]\n",
      " [0.        ]\n",
      " [0.32888602]] 2.4288102621281933\n",
      "xlb : [[-0.07733803]\n",
      " [ 0.47376649]\n",
      " [ 0.29889061]\n",
      " [ 0.17745594]\n",
      " [ 0.33847943]]\n",
      "fxlb: 2.403649040818212\n",
      "Selected node Y: (2.403649040818212, 0, array([1, 1, 1, 1, 1]), 0, 5, 0, array([[-0.07733803],\n",
      "       [ 0.47376649],\n",
      "       [ 0.29889061],\n",
      "       [ 0.17745594],\n",
      "       [ 0.33847943]]))\n",
      "par_dir: [4 3 2 1 0]\n",
      "V0: [array([1, 1, 1, 1, 0]), 1, 4, 0]\n",
      "supp: [3 2 1]\n",
      "Ahat: [[ 2.          0.47012747 -0.22215772]\n",
      " [ 0.47012747  2.          0.34899272]\n",
      " [-0.22215772  0.34899272  2.        ]]\n",
      "bhat: [-0.38474006 -0.63526821 -1.23857424]\n",
      "c: 2.9453397619274906\n",
      "xout,fout: [[0.        ]\n",
      " [0.61668886]\n",
      " [0.15739993]\n",
      " [0.22387211]\n",
      " [0.        ]] 2.4703704224566696\n",
      "xtilde, fxtilde: [[0.        ]\n",
      " [0.61668886]\n",
      " [0.15739993]\n",
      " [0.22387211]\n",
      " [0.        ]] 2.4703704224566696\n",
      "F call for V0\n",
      "#1 flag < npiv0\n",
      "Back sub xhat: [[0.13415216]\n",
      " [0.63890886]\n",
      " [0.13757248]\n",
      " [0.1750094 ]\n",
      " [0.        ]]\n",
      "xlbV0,fxlbV0: [[0.13415216]\n",
      " [0.63890886]\n",
      " [0.13757248]\n",
      " [0.1750094 ]\n",
      " [0.        ]] 2.4561909598934384\n",
      "V0 got deleted using DC1\n",
      "V2: [array([1, 1, 1, 1, 2]), 0, 4, 1]\n",
      "supp: [2 1 4]\n",
      "Ahat: [[ 2.          0.34899272 -0.53074882]\n",
      " [ 0.34899272  2.          0.58575358]\n",
      " [-0.53074882  0.58575358  2.        ]]\n",
      "bhat: [-0.63526821 -1.23857424 -0.75933276]\n",
      "c: 2.9453397619274906\n",
      "xout,fout: [[0.        ]\n",
      " [0.46651321]\n",
      " [0.32350718]\n",
      " [0.        ]\n",
      " [0.32888602]] 2.4288102621281933\n",
      "xtilde, fxtilde: [[0.        ]\n",
      " [0.46651321]\n",
      " [0.32350718]\n",
      " [0.        ]\n",
      " [0.32888602]] 2.4288102621281933\n",
      "xlb,fxlb: [[-0.07733803]\n",
      " [ 0.47376649]\n",
      " [ 0.29889061]\n",
      " [ 0.17745594]\n",
      " [ 0.33847943]] 2.403649040818212\n",
      "V2 added: [array([1, 1, 1, 1, 2]), 0, 4, 1]\n",
      "Selected node Y: (2.403649040818212, 1, array([1, 1, 1, 1, 2]), 0, 4, 1, array([[-0.07733803],\n",
      "       [ 0.47376649],\n",
      "       [ 0.29889061],\n",
      "       [ 0.17745594],\n",
      "       [ 0.33847943]]))\n",
      "par_dir: [3 2 1 0]\n",
      "V0: [array([1, 1, 1, 0, 2]), 1, 3, 1]\n",
      "supp: [2 1 4]\n",
      "Ahat: [[ 2.          0.34899272 -0.53074882]\n",
      " [ 0.34899272  2.          0.58575358]\n",
      " [-0.53074882  0.58575358  2.        ]]\n",
      "bhat: [-0.63526821 -1.23857424 -0.75933276]\n",
      "c: 2.9453397619274906\n",
      "xout,fout: [[0.        ]\n",
      " [0.46651321]\n",
      " [0.32350718]\n",
      " [0.        ]\n",
      " [0.32888602]] 2.4288102621281933\n",
      "xtilde, fxtilde: [[0.        ]\n",
      " [0.46651321]\n",
      " [0.32350718]\n",
      " [0.        ]\n",
      " [0.32888602]] 2.4288102621281933\n",
      "F call for V0\n",
      "#1 flag < npiv0\n",
      "n1,n2,p,r,n,Y,X,CE0: 3 1 5 5 10 [1 1 1 0 2] [[ 1.          0.          0.          0.          0.        ]\n",
      " [-0.35485915  1.          0.          0.          0.        ]\n",
      " [ 0.73900147 -3.06739299  1.          0.          0.        ]\n",
      " [-0.41936066  2.07954916 -2.48001176  1.          0.        ]\n",
      " [ 0.8629648  -5.26684888  6.07259163 -2.00029337  1.        ]\n",
      " [-0.39781133  4.37513021  1.95567188 -1.20511879  2.90818423]\n",
      " [-1.23775551  0.96738502 -6.00479805  2.36192321 -6.35576004]\n",
      " [ 1.26812186 -6.24255548  2.10212715 -0.22108135  0.78150706]\n",
      " [-2.21902784 12.69620805 -3.64714684  0.1774518   3.02428501]\n",
      " [ 0.75872635 -6.54147509  1.001566   -0.1128815  -1.35821625]] [[ 1.          0.          0.          0.          0.        ]\n",
      " [-0.35485915  1.          0.          0.          0.        ]\n",
      " [ 0.73900147 -3.06739299  1.          0.          0.        ]\n",
      " [-0.41936066  2.07954916 -2.48001176  1.          0.        ]\n",
      " [ 0.8629648  -5.26684888  6.07259163 -2.00029337  1.        ]\n",
      " [-0.39781133  4.37513021  1.95567188 -1.20511879  2.90818423]\n",
      " [-1.23775551  0.96738502 -6.00479805  2.36192321 -6.35576004]\n",
      " [ 1.26812186 -6.24255548  2.10212715 -0.22108135  0.78150706]\n",
      " [-2.21902784 12.69620805 -3.64714684  0.1774518   3.02428501]\n",
      " [ 0.75872635 -6.54147509  1.001566   -0.1128815  -1.35821625]]\n",
      "id: [0 1 2 0]\n",
      "iflag2: (array([4], dtype=int64),)\n",
      "id: [0 1 2 4]\n",
      "CE: [[ 1.          0.          0.          0.        ]\n",
      " [-0.35485915  1.          0.          0.        ]\n",
      " [ 0.73900147 -3.06739299  1.          0.        ]\n",
      " [-0.41936066  2.07954916 -2.48001176  0.        ]\n",
      " [ 0.8629648  -5.26684888  6.07259163  1.        ]\n",
      " [-0.39781133  4.37513021  1.95567188  2.90818423]\n",
      " [-1.23775551  0.96738502 -6.00479805 -6.35576004]\n",
      " [ 1.26812186 -6.24255548  2.10212715  0.78150706]\n",
      " [-2.21902784 12.69620805 -3.64714684  3.02428501]\n",
      " [ 0.75872635 -6.54147509  1.001566   -1.35821625]]\n",
      "ET: [[ 1.         -0.35485915  0.73900147 -0.41936066  0.8629648  -0.39781133\n",
      "  -1.23775551  1.26812186 -2.21902784  0.75872635]\n",
      " [ 0.          1.         -3.06739299  2.07954916 -5.26684888  4.37513021\n",
      "   0.96738502 -6.24255548 12.69620805 -6.54147509]\n",
      " [ 0.          0.          1.         -2.48001176  6.07259163  1.95567188\n",
      "  -6.00479805  2.10212715 -3.64714684  1.001566  ]\n",
      " [ 0.          0.          0.          0.          1.          2.90818423\n",
      "  -6.35576004  0.78150706  3.02428501 -1.35821625]]\n",
      "n1,n2,p,r: 3 1 5 5\n",
      "id: [ 0  1  2 -4]\n",
      "A0: [[ 2.         -0.36060233  0.4090279   0.83474769  0.87273784  0.24027198]\n",
      " [-0.36060233  2.          0.34899272 -0.22215772  0.58575358  1.23857424]\n",
      " [ 0.4090279   0.34899272  2.          0.47012747 -0.53074882  0.63526821]\n",
      " [ 0.83474769 -0.22215772  0.47012747  2.          0.17466388  0.38474006]\n",
      " [ 0.87273784  0.58575358 -0.53074882  0.17466388  2.          0.75933276]]\n",
      "E0: [[ 1.         -0.18030116  0.20451395  0.41737385  0.43636892  0.12013599]\n",
      " [ 0.          1.          0.21847268 -0.03702965  0.38403915  0.66248415]\n",
      " [ 0.          0.          1.          0.17273326 -0.47784505  0.16780243]\n",
      " [ 0.          0.          0.          1.         -0.00722805  0.1750094 ]\n",
      " [ 0.          0.          0.          0.          1.          0.33847943]]\n",
      "d: 4\n",
      "cia: [0 1 2 4]\n",
      "E0[:,cia]: [[ 1.         -0.18030116  0.20451395  0.43636892]\n",
      " [ 0.          1.          0.21847268  0.38403915]\n",
      " [ 0.          0.          1.         -0.47784505]\n",
      " [ 0.          0.          0.         -0.00722805]\n",
      " [ 0.          0.          0.          1.        ]]\n",
      "E0[:,p]: [0.12013599 0.66248415 0.16780243 0.1750094  0.33847943]\n",
      "tempE[cia[:n1],:]: [[ 1.         -0.18030116  0.20451395  0.43636892  0.12013599]\n",
      " [ 0.          1.          0.21847268  0.38403915  0.66248415]\n",
      " [ 0.          0.          1.         -0.47784505  0.16780243]]\n",
      "cia[n1:d], np.concatenate((cia,[p])): [4] [0 1 2 4 5]\n",
      "A0[cia[n1:d], np.concatenate((cia,[p])) ]: [[ 0.87273784  0.58575358 -0.53074882  2.          0.75933276]]\n",
      "E0: [[ 1.         -0.18030116  0.20451395  0.43636892  0.12013599]\n",
      " [ 0.          1.          0.21847268  0.38403915  0.66248415]\n",
      " [ 0.          0.          1.         -0.47784505  0.16780243]\n",
      " [ 0.          0.          0.          0.91729874  0.30844153]]\n",
      "Updated EF xhat: [[0.00675474]\n",
      " [0.47517019]\n",
      " [0.31518968]\n",
      " [0.        ]\n",
      " [0.30844153]]\n",
      "xlbV0,fxlbV0: [[0.00675474]\n",
      " [0.47517019]\n",
      " [0.31518968]\n",
      " [0.        ]\n",
      " [0.30844153]] 2.429107684445268\n",
      "V0 got deleted using DC1\n",
      "V2: [array([1, 1, 1, 2, 2]), 0, 3, 2]\n",
      "supp: [2 1 4]\n",
      "Ahat: [[ 2.          0.34899272 -0.53074882]\n",
      " [ 0.34899272  2.          0.58575358]\n",
      " [-0.53074882  0.58575358  2.        ]]\n",
      "bhat: [-0.63526821 -1.23857424 -0.75933276]\n",
      "c: 2.9453397619274906\n",
      "xout,fout: [[0.        ]\n",
      " [0.46651321]\n",
      " [0.32350718]\n",
      " [0.        ]\n",
      " [0.32888602]] 2.4288102621281933\n",
      "xtilde, fxtilde: [[0.        ]\n",
      " [0.46651321]\n",
      " [0.32350718]\n",
      " [0.        ]\n",
      " [0.32888602]] 2.4288102621281933\n",
      "xlb,fxlb: [[-0.07733803]\n",
      " [ 0.47376649]\n",
      " [ 0.29889061]\n",
      " [ 0.17745594]\n",
      " [ 0.33847943]] 2.403649040818212\n",
      "V2 added: [array([1, 1, 1, 2, 2]), 0, 3, 2]\n",
      "Selected node Y: (2.403649040818212, 2, array([1, 1, 1, 2, 2]), 0, 3, 2, array([[-0.07733803],\n",
      "       [ 0.47376649],\n",
      "       [ 0.29889061],\n",
      "       [ 0.17745594],\n",
      "       [ 0.33847943]]))\n",
      "par_dir: [2 1 0]\n",
      "V0: [array([1, 1, 0, 2, 2]), 1, 2, 2]\n",
      "supp: [3 1 4]\n",
      "Ahat: [[ 2.         -0.22215772  0.17466388]\n",
      " [-0.22215772  2.          0.58575358]\n",
      " [ 0.17466388  0.58575358  2.        ]]\n",
      "bhat: [-0.38474006 -1.23857424 -0.75933276]\n",
      "c: 2.9453397619274906\n",
      "xout,fout: [[0.        ]\n",
      " [0.59192937]\n",
      " [0.        ]\n",
      " [0.24194926]\n",
      " [0.18517411]] 2.4619173579137077\n",
      "xtilde, fxtilde: [[0.        ]\n",
      " [0.59192937]\n",
      " [0.        ]\n",
      " [0.24194926]\n",
      " [0.18517411]] 2.4619173579137077\n",
      "F call for V0\n",
      "#1 flag < npiv0\n",
      "n1,n2,p,r,n,Y,X,CE0: 2 2 5 5 10 [1 1 0 2 2] [[ 1.          0.          0.          0.          0.        ]\n",
      " [-0.35485915  1.          0.          0.          0.        ]\n",
      " [ 0.73900147 -3.06739299  1.          0.          0.        ]\n",
      " [-0.41936066  2.07954916 -2.48001176  1.          0.        ]\n",
      " [ 0.8629648  -5.26684888  6.07259163 -2.00029337  1.        ]\n",
      " [-0.39781133  4.37513021  1.95567188 -1.20511879  2.90818423]\n",
      " [-1.23775551  0.96738502 -6.00479805  2.36192321 -6.35576004]\n",
      " [ 1.26812186 -6.24255548  2.10212715 -0.22108135  0.78150706]\n",
      " [-2.21902784 12.69620805 -3.64714684  0.1774518   3.02428501]\n",
      " [ 0.75872635 -6.54147509  1.001566   -0.1128815  -1.35821625]] [[ 1.          0.          0.          0.          0.        ]\n",
      " [-0.35485915  1.          0.          0.          0.        ]\n",
      " [ 0.73900147 -3.06739299  1.          0.          0.        ]\n",
      " [-0.41936066  2.07954916 -2.48001176  1.          0.        ]\n",
      " [ 0.8629648  -5.26684888  6.07259163 -2.00029337  1.        ]\n",
      " [-0.39781133  4.37513021  1.95567188 -1.20511879  2.90818423]\n",
      " [-1.23775551  0.96738502 -6.00479805  2.36192321 -6.35576004]\n",
      " [ 1.26812186 -6.24255548  2.10212715 -0.22108135  0.78150706]\n",
      " [-2.21902784 12.69620805 -3.64714684  0.1774518   3.02428501]\n",
      " [ 0.75872635 -6.54147509  1.001566   -0.1128815  -1.35821625]]\n",
      "id: [0 1 0 0]\n",
      "iflag2: (array([3, 4], dtype=int64),)\n",
      "id: [0 1 3 4]\n",
      "CE: [[ 1.          0.          0.          0.        ]\n",
      " [-0.35485915  1.          0.          0.        ]\n",
      " [ 0.73900147 -3.06739299  0.          0.        ]\n",
      " [-0.41936066  2.07954916  1.          0.        ]\n",
      " [ 0.8629648  -5.26684888 -2.00029337  1.        ]\n",
      " [-0.39781133  4.37513021 -1.20511879  2.90818423]\n",
      " [-1.23775551  0.96738502  2.36192321 -6.35576004]\n",
      " [ 1.26812186 -6.24255548 -0.22108135  0.78150706]\n",
      " [-2.21902784 12.69620805  0.1774518   3.02428501]\n",
      " [ 0.75872635 -6.54147509 -0.1128815  -1.35821625]]\n",
      "ET: [[ 1.         -0.35485915  0.73900147 -0.41936066  0.8629648  -0.39781133\n",
      "  -1.23775551  1.26812186 -2.21902784  0.75872635]\n",
      " [ 0.          1.         -3.06739299  2.07954916 -5.26684888  4.37513021\n",
      "   0.96738502 -6.24255548 12.69620805 -6.54147509]\n",
      " [ 0.          0.          0.          1.         -2.00029337 -1.20511879\n",
      "   2.36192321 -0.22108135  0.1774518  -0.1128815 ]\n",
      " [ 0.          0.          0.          0.          1.          2.90818423\n",
      "  -6.35576004  0.78150706  3.02428501 -1.35821625]]\n",
      "n1,n2,p,r: 2 2 5 5\n",
      "id: [ 0  1 -3 -4]\n",
      "A0: [[ 2.         -0.36060233  0.4090279   0.83474769  0.87273784  0.24027198]\n",
      " [-0.36060233  2.          0.34899272 -0.22215772  0.58575358  1.23857424]\n",
      " [ 0.4090279   0.34899272  2.          0.47012747 -0.53074882  0.63526821]\n",
      " [ 0.83474769 -0.22215772  0.47012747  2.          0.17466388  0.38474006]\n",
      " [ 0.87273784  0.58575358 -0.53074882  0.17466388  2.          0.75933276]]\n",
      "E0: [[ 1.         -0.18030116  0.20451395  0.41737385  0.43636892  0.12013599]\n",
      " [ 0.          1.          0.21847268 -0.03702965  0.38403915  0.66248415]\n",
      " [ 0.          0.          1.          0.17273326 -0.47784505  0.16780243]\n",
      " [ 0.          0.          0.          1.         -0.00722805  0.1750094 ]\n",
      " [ 0.          0.          0.          0.          1.          0.33847943]]\n",
      "d: 4\n",
      "cia: [0 1 3 4]\n",
      "E0[:,cia]: [[ 1.         -0.18030116  0.41737385  0.43636892]\n",
      " [ 0.          1.         -0.03702965  0.38403915]\n",
      " [ 0.          0.          0.17273326 -0.47784505]\n",
      " [ 0.          0.          1.         -0.00722805]\n",
      " [ 0.          0.          0.          1.        ]]\n",
      "E0[:,p]: [0.12013599 0.66248415 0.16780243 0.1750094  0.33847943]\n",
      "tempE[cia[:n1],:]: [[ 1.         -0.18030116  0.41737385  0.43636892  0.12013599]\n",
      " [ 0.          1.         -0.03702965  0.38403915  0.66248415]]\n",
      "cia[n1:d], np.concatenate((cia,[p])): [3 4] [0 1 3 4 5]\n",
      "A0[cia[n1:d], np.concatenate((cia,[p])) ]: [[ 0.83474769 -0.22215772  2.          0.17466388  0.38474006]\n",
      " [ 0.87273784  0.58575358  0.17466388  2.          0.75933276]]\n",
      "E0: [[ 1.         -0.18030116  0.41737385  0.43636892  0.12013599]\n",
      " [ 0.          1.         -0.03702965  0.38403915  0.66248415]\n",
      " [ 0.          0.          1.64894491 -0.162077    0.33192497]\n",
      " [ 0.          0.         -0.162077    1.33378129  0.16218746]]\n",
      "Updated EF xhat: [[0.01046214]\n",
      " [0.61346227]\n",
      " [0.        ]\n",
      " [0.35821183]\n",
      " [0.16218746]]\n",
      "xlbV0,fxlbV0: [[0.01046214]\n",
      " [0.61346227]\n",
      " [0.        ]\n",
      " [0.35821183]\n",
      " [0.16218746]] 2.4750040560358872\n",
      "V0 got deleted using DC1\n",
      "V2: [array([1, 1, 2, 2, 2]), 0, 2, 3]\n",
      "DC2 is true for all V2 boxes\n",
      "supp: [2 3 4]\n",
      "supp,Ahat,bhat,c,start_pt: [2 3 4] [[ 2.          0.47012747 -0.53074882]\n",
      " [ 0.47012747  2.          0.17466388]\n",
      " [-0.53074882  0.17466388  2.        ]] [-0.63526821 -0.38474006 -0.75933276] 2.9453397619274906 [-0.63526821 -0.38474006 -0.75933276]\n",
      "alg. converged\n",
      "start, end: 1.65625 1.8125\n",
      "xibbef: [[0.32350718]\n",
      " [0.        ]\n",
      " [0.        ]\n",
      " [0.46651321]\n",
      " [0.32888602]]\n",
      "fibbef: 2.4288102621281933\n",
      "cpu ibbef: 0.15625\n",
      "Set parameter Username\n",
      "Set parameter LicenseID to value 2632165\n",
      "Academic license - for non-commercial use only - expires 2026-03-06\n",
      "obj: -0.6352682055742652 <gurobi.Var *Awaiting Model Update*> + -0.38474006300866903 <gurobi.Var *Awaiting Model Update*> + -0.24027197652166346 <gurobi.Var *Awaiting Model Update*> + -1.2385742369457515 <gurobi.Var *Awaiting Model Update*> + -0.7593327634996179 <gurobi.Var *Awaiting Model Update*> + [ 0.9999999999999998 <gurobi.Var *Awaiting Model Update*> ^ 2 + 0.23506373700296498 <gurobi.Var *Awaiting Model Update*> * <gurobi.Var *Awaiting Model Update*> + 0.2045139521772815 <gurobi.Var *Awaiting Model Update*> * <gurobi.Var *Awaiting Model Update*> + 0.17449635977315328 <gurobi.Var *Awaiting Model Update*> * <gurobi.Var *Awaiting Model Update*> + -0.2653744103212772 <gurobi.Var *Awaiting Model Update*> * <gurobi.Var *Awaiting Model Update*> + 0.23506373700296498 <gurobi.Var *Awaiting Model Update*> * <gurobi.Var *Awaiting Model Update*> + 0.9999999999999999 <gurobi.Var *Awaiting Model Update*> ^ 2 + 0.41737384517149867 <gurobi.Var *Awaiting Model Update*> * <gurobi.Var *Awaiting Model Update*> + -0.11107886247984886 <gurobi.Var *Awaiting Model Update*> * <gurobi.Var *Awaiting Model Update*> + 0.0873319375941125 <gurobi.Var *Awaiting Model Update*> * <gurobi.Var *Awaiting Model Update*> + 0.2045139521772815 <gurobi.Var *Awaiting Model Update*> * <gurobi.Var *Awaiting Model Update*> + 0.41737384517149867 <gurobi.Var *Awaiting Model Update*> * <gurobi.Var *Awaiting Model Update*> + <gurobi.Var *Awaiting Model Update*> ^ 2 + -0.18030116327505868 <gurobi.Var *Awaiting Model Update*> * <gurobi.Var *Awaiting Model Update*> + 0.43636892042244646 <gurobi.Var *Awaiting Model Update*> * <gurobi.Var *Awaiting Model Update*> + 0.17449635977315328 <gurobi.Var *Awaiting Model Update*> * <gurobi.Var *Awaiting Model Update*> + -0.11107886247984886 <gurobi.Var *Awaiting Model Update*> * <gurobi.Var *Awaiting Model Update*> + -0.18030116327505868 <gurobi.Var *Awaiting Model Update*> * <gurobi.Var *Awaiting Model Update*> + <gurobi.Var *Awaiting Model Update*> ^ 2 + 0.29287678828465225 <gurobi.Var *Awaiting Model Update*> * <gurobi.Var *Awaiting Model Update*> + -0.2653744103212772 <gurobi.Var *Awaiting Model Update*> * <gurobi.Var *Awaiting Model Update*> + 0.0873319375941125 <gurobi.Var *Awaiting Model Update*> * <gurobi.Var *Awaiting Model Update*> + 0.43636892042244646 <gurobi.Var *Awaiting Model Update*> * <gurobi.Var *Awaiting Model Update*> + 0.29287678828465225 <gurobi.Var *Awaiting Model Update*> * <gurobi.Var *Awaiting Model Update*> + 0.9999999999999998 <gurobi.Var *Awaiting Model Update*> ^ 2 ]\n",
      "Gurobi Optimizer version 12.0.1 build v12.0.1rc0 (win64 - Windows 10.0 (19045.2))\n",
      "\n",
      "CPU model: Intel(R) Core(TM) i7-7700 CPU @ 3.60GHz, instruction set [SSE2|AVX|AVX2]\n",
      "Thread count: 4 physical cores, 8 logical processors, using up to 8 threads\n",
      "\n",
      "Optimize a model with 11 rows, 10 columns and 25 nonzeros\n",
      "Model fingerprint: 0x406c9a3f\n",
      "Model has 15 quadratic objective terms\n",
      "Variable types: 5 continuous, 5 integer (5 binary)\n",
      "Coefficient statistics:\n",
      "  Matrix range     [1e+00, 4e+00]\n",
      "  Objective range  [2e-01, 1e+00]\n",
      "  QObjective range [3e-01, 2e+00]\n",
      "  Bounds range     [1e+00, 4e+00]\n",
      "  RHS range        [3e+00, 3e+00]\n",
      "Presolve time: 0.00s\n",
      "Presolved: 26 rows, 15 columns, 55 nonzeros\n",
      "Presolved model has 20 quadratic objective terms\n",
      "Variable types: 10 continuous, 5 integer (5 binary)\n",
      "Found heuristic solution: objective -0.1156596\n",
      "Found heuristic solution: objective -0.4489114\n",
      "\n",
      "Root relaxation: objective -5.416907e-01, 27 iterations, 0.00 seconds (0.00 work units)\n",
      "\n",
      "    Nodes    |    Current Node    |     Objective Bounds      |     Work\n",
      " Expl Unexpl |  Obj  Depth IntInf | Incumbent    BestBd   Gap | It/Node Time\n",
      "\n",
      "     0     0   -0.54169    0    5   -0.44891   -0.54169  20.7%     -    0s\n",
      "H    0     0                      -0.5165295   -0.54169  4.87%     -    0s\n",
      "\n",
      "Explored 1 nodes (27 simplex iterations) in 0.03 seconds (0.00 work units)\n",
      "Thread count was 8 (of 8 available processors)\n",
      "\n",
      "Solution count 3: -0.516529 -0.448911 -0.11566 \n",
      "\n",
      "Optimal solution found (tolerance 1.00e-04)\n",
      "Best objective -5.165294997993e-01, best bound -5.165294997993e-01, gap 0.0000%\n",
      "xmio: [0.3235071780189642, 0.0, 0.0, 0.46651321322276385, 0.3288860167479406]\n",
      "bx: [[-1.033059]]\n",
      "xAx: [[1.033059]]\n",
      "fxout: [[2.42881026]]\n",
      "xmio: [[0.32350718]\n",
      " [0.        ]\n",
      " [0.        ]\n",
      " [0.46651321]\n",
      " [0.32888602]]\n",
      "fmio: 2.4288102621281933\n",
      "cpu mio: 0.0\n",
      "rss: [[2.42881026 2.42881026]]\n",
      "cpu: [[0.15625 0.     ]]\n"
     ]
    }
   ],
   "source": [
    "\n",
    "import numpy as np\n",
    "from scipy import linalg\n",
    "import testalg\n",
    "\n",
    "num_dim=1   # no. of examples of different dimensions\n",
    "dim_egs=np.array([5, 20, 30])  # dimension of examples\n",
    "num_data_pts=np.array([30, 50, 60])\n",
    "num_k_values=1    \n",
    "k_values=np.array([3, 4, 5]) \n",
    "s0_values=2*np.ones(num_dim,dtype=int) # no. of nonzero values in b0\n",
    "num_instances=1           # no. of instances to run for each example\n",
    "alg_flag=np.array([1, 1]) # =1 include in testing, =0 do not include  \n",
    "num_alg=2\n",
    "b0_type=1   # to generate the true coefficient vector b0\n",
    "\n",
    "# initialize the arrays to save the final output\n",
    "rss=np.zeros( (num_dim*num_k_values,num_alg) )\n",
    "cpu_time=np.zeros( (num_dim*num_k_values,num_alg) )\n",
    "num_iter=np.zeros( (num_dim*num_k_values,num_alg) )\n",
    "stop_flag=-1*np.zeros( (num_dim*num_k_values,num_alg) )\n",
    "for i in range(num_dim):\n",
    "\n",
    "    p=dim_egs[i]\n",
    "    n=num_data_pts[i]\n",
    "    mu=np.zeros(p)\n",
    "    sigma=np.eye(p)\n",
    "    s0=s0_values[i]\n",
    "    if b0_type==1: # example 1\n",
    "        b0=np.zeros(p)\n",
    "        i0=np.ceil(np.linspace(0,p,num=s0,endpoint=False)).astype(int) # get s0 evenly spaced indices, round the next integer if needed\n",
    "        b0[i0]=1 \n",
    "    elif b0_type==2: # example 2\n",
    "        b0=np.zeros(p)\n",
    "        b0[0:s0]=1 # make first s0 entries 1\n",
    "    elif b0_type==3: # example 3\n",
    "        b0=np.zeros(p)   \n",
    "        i0 = np.random.randint(0,p,s0).astype(int) # pick s0 random indices to make nonzero\n",
    "        j0 = np.random.randint(1,5,s0) # pick s0 random integers b/w 1 and 5\n",
    "        b0[i0]=j0\n",
    "\n",
    "    b0 = np.reshape(b0, (-1,1)) # make it a col array\n",
    "    \n",
    "    # run the algorithms and save the output\n",
    "    for j in range(num_k_values): # for each k value, run the alg\n",
    "        \n",
    "        k = k_values[j]\n",
    "        stop_flag_each_alg, cpu_time_each_alg, rss_each_alg=testalg.main(p,n,k,b0,mu,sigma,num_instances,num_alg,alg_flag)\n",
    "        rss[j+i*num_k_values,:]=rss_each_alg\n",
    "        cpu_time[j+i*num_k_values,:]=cpu_time_each_alg\n",
    "        stop_flag[j+i*num_k_values,:]=stop_flag_each_alg\n",
    "\n",
    "    # save the output in .pkl file\n",
    "    print('rss:',rss)\n",
    "    print('cpu:',cpu_time)\n",
    "        \n",
    "        "
   ]
  }
 ],
 "metadata": {
  "kernelspec": {
   "display_name": "base",
   "language": "python",
   "name": "python3"
  },
  "language_info": {
   "codemirror_mode": {
    "name": "ipython",
    "version": 3
   },
   "file_extension": ".py",
   "mimetype": "text/x-python",
   "name": "python",
   "nbconvert_exporter": "python",
   "pygments_lexer": "ipython3",
   "version": "3.12.7"
  }
 },
 "nbformat": 4,
 "nbformat_minor": 5
}
