{
 "cells": [
  {
   "cell_type": "code",
   "execution_count": null,
   "metadata": {},
   "outputs": [],
   "source": [
    "# add the directory to the path, if not already added\n",
    "import sys\n",
    "import os\n",
    "path_to_add = \"/Users/vikra/Downloads/dryrun\"  # Replace with the path to your directory\n",
    "# Ensure the path is absolute\n",
    "path_to_add = os.path.abspath(path_to_add)\n",
    "if path_to_add not in sys.path:\n",
    "  sys.path.append(path_to_add)\n",
    "\n",
    "# main\n",
    "import numpy as np\n",
    "import numpy.linalg as la\n",
    "import conjgrad\n",
    "print(dir(conjgrad)) \n",
    "\n",
    "rPara=np.array([ [1e-14],      #rPara(1)=10^(-14)=eps\n",
    "        [1e-9],       #rPara(2)=10^(-9)=epsPivot used in matrix factorization\n",
    "        [1e-9],       #rPara(3)=10^(-6)=epsSD   10^(-3) is not good\n",
    "        [0.5*1e-3],   #rPara(4)=0.5*10^(-3), MS9/9/19 relative error of f-value\n",
    "        [1e-9],       # used in MiniQuadFunUnconstAdapt1.m and MiniQuadFunUnconstAdapt3 , if -df < rPara(5)*|fx0| , not acceptable progress\n",
    "        [0.5],        # used in MiniQuadFunUnconstAdapt2.m  , if  -gdx*rPara(6) > -df , not acceptable progress  \n",
    "        [1e18],       # maxDx, max value allowed for a step size in uSD,uPT,uCD\n",
    "        [1e5],        #rparaFac0=1e+5, since 8/16/23\n",
    "        [1e-1],       #iparaFac0=1e-1\n",
    "] )   \n",
    "\n",
    "iPara=np.array([  [0],        # iPara(1)=option used in LDLtOfSymMatrix21.m  for prearrangement\n",
    "        [500],       # iPara(2)=max # of iterations for S-D alg\n",
    "        [0],         # iPara(3)= MS:9/8/19 toDebug\n",
    "        [21],        # iPara(4)= MS:9/9/19   #-1 is max length of printed out vector/matrix\n",
    "        [3],         # iPara(5)=0 means use full recursion, iPara(5)=1 means use 1-recursion + steepest descent to solve instead of full recursion\n",
    "        [0],         # iPara(6)=1 means use SD2 in the framework of v41\n",
    "        [0],         # iPara(7)= MS:9/15/19 as option to pre-permutation of variables based on domain size\n",
    "        [1],         # iPara(8)= MS:10/20/19 as option to check suff cond of optimality for earlier exit (1=y, 0=n)\n",
    "        [0],         # iPara(9)= MS:10/31/19 as option to use 0=LDU (original/default), 1=QDQ' ([Q,D]=eig(A); Q=o.n. e.v. for symmetric case, enough!)\n",
    "        [0],         # iPara(10)=MS:10/31/19 as option to use different choices of Xstart[]/Ystart[]: 0=Box(original/default), 1=space-Box(hybrid)\n",
    "        [5],         # iPara(11)=VS:11/7/19, select bdy face 0=original, 1,2,3 for 3 versions of min dist from a line, 4 for min dist from a face approach 11/20\n",
    "        [0],         # iPara(12)=tie breaker flag to select only one bdy face.\n",
    "        [0],         # iPara(13)=as a flag controlling a pre-search procedure! It applies to: Sd,AllSd,PsdSd,\n",
    "] )                \n",
    "\n",
    "# Example matrix (symmetric for real eigenvalues and eigenvectors)\n",
    "n=3\n",
    "A = np.array([[4, 1, -2],          # hessian\n",
    "                   [1, 2, -1],\n",
    "                   [-2, -1, 1]])\n",
    "d = np.array([1, 2, 3])    # linear term\n",
    "d=d.reshape(-1,1)\n",
    "x = np.zeros((n,1)) # starting point\n",
    "#x=np.zeros(n)\n",
    "diagInv=1/np.diag(A)\n",
    "\n",
    "# Perform spectral decomposition\n",
    "diagD, Qmat = la.eigh(A)  # diagD is a vector of eigenvalues in ascending order\n",
    "                               # Qmat is orthonormal matrix of corresponding eigenvectors\n",
    "S={}   # create an empty dictionary\n",
    "neig=sum(diagD>rPara[1])       # S['nNonZeroEig']=sum(diagD>rPara[1])\n",
    "#print(diagD),print(Qmat[:,-2:])\n",
    "Q=Qmat[:,n-neig:]                              # S['Q']=Qmat[:,n-S['nNonZeroEig']:]\n",
    "D=diagD[n-neig:]           # S['D']=diagD[n-S['nNonZeroEig']:]\n",
    "D=D.reshape(-1,1)\n",
    "invD=np.array(diagInv[n-neig:])                  #S['diagInv']=np.array(diagInv[n-S['nNonZeroEig']:])\n",
    "\n",
    "print(Q)  \n",
    "print(D)\n",
    "print(neig)\n",
    "print(invD)\n",
    "\n",
    "isSoftStop=1\n",
    "isTF=0\n",
    "targetF=0\n",
    "epsx, maxDx, epsg, nMax =rPara[1], rPara[6], rPara[2], iPara[1]\n",
    "\n",
    "isNew, xnew, fxnew, niters, idExit=conjgrad.cg(n,A,d,Q,D,neig,x,epsx,maxDx,epsg,nMax,isSoftStop,isTF,targetF)\n",
    "print(\"isNew:\",isNew)\n",
    "print(\"xnew:\",xnew)\n",
    "print(\"fxnew:\",fxnew)\n",
    "print(\"niters:\",niters)\n",
    "print(\"idExit:\",idExit)\n",
    "print(\"xols:\" ,-(np.linalg.inv(A)@d))"
   ]
  },
  {
   "cell_type": "markdown",
   "metadata": {},
   "source": [
    "Next we are building ibbef"
   ]
  },
  {
   "cell_type": "code",
   "execution_count": null,
   "metadata": {},
   "outputs": [
    {
     "name": "stdout",
     "output_type": "stream",
     "text": [
      "neig: 5\n",
      "A: [[44.77013425  6.01575924  7.89814632  6.43055005 -8.68614803]\n",
      " [ 6.01575924 36.98643427  9.37834844 -1.3669892  10.77466413]\n",
      " [ 7.89814632  9.37834844 28.95427158 -3.81197191 12.24223124]\n",
      " [ 6.43055005 -1.3669892  -3.81197191 60.45381249  2.06314886]\n",
      " [-8.68614803 10.77466413 12.24223124  2.06314886 32.71607101]]\n",
      "ipiv0: [3 0 1 4 2]\n",
      "ipiv1: []\n",
      "A: [[60.45381249  6.43055005 -1.3669892   2.06314886 -3.81197191]\n",
      " [ 6.43055005 44.77013425  6.01575924 -8.68614803  7.89814632]\n",
      " [-1.3669892   6.01575924 36.98643427 10.77466413  9.37834844]\n",
      " [ 2.06314886 -8.68614803 10.77466413 32.71607101 12.24223124]\n",
      " [-3.81197191  7.89814632  9.37834844 12.24223124 28.95427158]]\n",
      "b: [[-56.06959023]\n",
      " [ 62.42410182]\n",
      " [ 93.12838595]\n",
      " [ 12.09748502]\n",
      " [ 15.16278545]]\n",
      "npiv0, npiv00: 5 5\n",
      "E0: [[ 1.          0.10637129 -0.02261213  0.03412769 -0.06305594  0.92747815]\n",
      " [ 0.          1.          0.13975304 -0.20200485  0.18835028 -1.55124367]\n",
      " [ 0.          0.          1.          0.33428661  0.22528912 -2.28021173]\n",
      " [ 0.          0.          0.          1.          0.42260439 -0.01167211]\n",
      " [ 0.          0.          0.          0.          1.          0.97070988]]\n",
      "i: 4\n",
      "i: 3\n",
      "j: 4\n",
      "sum: [0.41022625]\n",
      "i: 2\n",
      "j: 3\n",
      "sum: [-0.14103497]\n",
      "j: 4\n",
      "sum: [0.0776554]\n",
      "i: 1\n",
      "j: 2\n",
      "sum: [-0.3295191]\n",
      "j: 3\n",
      "sum: [-0.24429358]\n",
      "j: 4\n",
      "sum: [-0.06146011]\n",
      "i: 0\n",
      "j: 1\n",
      "sum: [-0.1584702]\n",
      "j: 2\n",
      "sum: [-0.10515381]\n",
      "j: 3\n",
      "sum: [-0.11955223]\n",
      "j: 4\n",
      "sum: [-0.18076125]\n",
      "Ain: [[60.45381249  6.43055005 -1.3669892   2.06314886 -3.81197191]\n",
      " [ 6.43055005 44.77013425  6.01575924 -8.68614803  7.89814632]\n",
      " [-1.3669892   6.01575924 36.98643427 10.77466413  9.37834844]\n",
      " [ 2.06314886 -8.68614803 10.77466413 32.71607101 12.24223124]\n",
      " [-3.81197191  7.89814632  9.37834844 12.24223124 28.95427158]]\n",
      "bin: [[-56.06959023]\n",
      " [ 62.42410182]\n",
      " [ 93.12838595]\n",
      " [ 12.09748502]\n",
      " [ 15.16278545]]\n",
      "cin: [[199.37929905]]\n",
      "xin: [[ 1.1082394 ]\n",
      " [-1.48978356]\n",
      " [-2.35786713]\n",
      " [-0.42189836]\n",
      " [ 0.97070988]]\n",
      "xlb : [[ 1.1082394 ]\n",
      " [-1.48978356]\n",
      " [-2.35786713]\n",
      " [-0.42189836]\n",
      " [ 0.97070988]]\n",
      "fxlb: [[16.82603213]]\n",
      "size fxlb: 1\n",
      "xnew: [[-1.48978356]\n",
      " [-2.35786713]\n",
      " [ 0.97070988]\n",
      " [ 1.1082394 ]\n",
      " [-0.42189836]]\n",
      "fxnew: [[16.82603213]]\n"
     ]
    }
   ],
   "source": [
    "# add the directory to the path, if not already added\n",
    "import sys\n",
    "import os\n",
    "path_to_add = \"/Users/vikra/Downloads/dryrun\"  # Replace with the path to your directory\n",
    "# Ensure the path is absolute\n",
    "path_to_add = os.path.abspath(path_to_add)\n",
    "if path_to_add not in sys.path:\n",
    "  sys.path.append(path_to_add)\n",
    "\n",
    "# main\n",
    "import numpy as np\n",
    "from scipy import linalg\n",
    "from ibbef import main\n",
    "import conjgrad\n",
    "\n",
    "rPara=np.array([ [1e-14],      #rPara(1)=10^(-14)=eps\n",
    "        [1e-9],       #rPara(2)=10^(-9)=epsPivot used in matrix factorization\n",
    "        [1e-9],       #rPara(3)=10^(-6)=epsSD   10^(-3) is not good\n",
    "        [0.5*1e-3],   #rPara(4)=0.5*10^(-3), MS9/9/19 relative error of f-value\n",
    "        [1e-9],       # used in MiniQuadFunUnconstAdapt1.m and MiniQuadFunUnconstAdapt3 , if -df < rPara(5)*|fx0| , not acceptable progress\n",
    "        [0.5],        # used in MiniQuadFunUnconstAdapt2.m  , if  -gdx*rPara(6) > -df , not acceptable progress  \n",
    "        [1e18],       # maxDx, max value allowed for a step size in uSD,uPT,uCD\n",
    "        [1e5],        #rparaFac0=1e+5, since 8/16/23\n",
    "        [1e-1],       #iparaFac0=1e-1\n",
    "] )   \n",
    "\n",
    "iPara=np.array([  [0],        # iPara(1)=option used in LDLtOfSymMatrix21.m  for prearrangement\n",
    "        [500],       # iPara(2)=max # of iterations for S-D alg\n",
    "        [0],         # iPara(3)= MS:9/8/19 toDebug\n",
    "        [21],        # iPara(4)= MS:9/9/19   #-1 is max length of printed out vector/matrix\n",
    "        [3],         # iPara(5)=0 means use full recursion, iPara(5)=1 means use 1-recursion + steepest descent to solve instead of full recursion\n",
    "        [0],         # iPara(6)=1 means use SD2 in the framework of v41\n",
    "        [0],         # iPara(7)= MS:9/15/19 as option to pre-permutation of variables based on domain size\n",
    "        [1],         # iPara(8)= MS:10/20/19 as option to check suff cond of optimality for earlier exit (1=y, 0=n)\n",
    "        [0],         # iPara(9)= MS:10/31/19 as option to use 0=LDU (original/default), 1=QDQ' ([Q,D]=eig(A); Q=o.n. e.v. for symmetric case, enough!)\n",
    "        [0],         # iPara(10)=MS:10/31/19 as option to use different choices of Xstart[]/Ystart[]: 0=Box(original/default), 1=space-Box(hybrid)\n",
    "        [5],         # iPara(11)=VS:11/7/19, select bdy face 0=original, 1,2,3 for 3 versions of min dist from a line, 4 for min dist from a face approach 11/20\n",
    "        [0],         # iPara(12)=tie breaker flag to select only one bdy face.\n",
    "        [0],         # iPara(13)=as a flag controlling a pre-search procedure! It applies to: Sd,AllSd,PsdSd,\n",
    "] )                \n",
    "\n",
    "p=5\n",
    "n=20\n",
    "k=2\n",
    "niter=1\n",
    "for i in range(niter):\n",
    "    mu=np.zeros(p)\n",
    "    sigma=np.eye(p)\n",
    "    seed=np.random.seed(i)\n",
    "    X = np.random.multivariate_normal(mu, sigma,n )\n",
    "    colmeans=np.mean(X,axis=0)  # find the mean of each column\n",
    "    #X= X - colmeans             # make the column mean zero\n",
    "    colnorms = np.linalg.norm(X, axis=0, keepdims=True) # find 2-norm of each col\n",
    "    #X = X / colnorms \n",
    "    b0 = np.random.randint(-2,2,p)\n",
    "    b0 = np.reshape(b0, (-1,1)) # make it a col array\n",
    "    e = np.random.normal(size=n)\n",
    "    e = np.reshape(e,(-1,1))  # make it a col array\n",
    "    y = X @ b0 + e\n",
    "    y = np.reshape(y, (-1,1))  # make it a col array\n",
    "    A = 2*(X.T @ X)\n",
    "    b = -2*(X.T @ y)\n",
    "    c = y.T @ y\n",
    "\n",
    "    diagInv=1/np.diag(A)\n",
    "\n",
    "    # Perform spectral decomposition\n",
    "    diagD, Qmat = linalg.eigh(A)  # diagD is a vector of eigenvalues in ascending order\n",
    "                               # Qmat is orthonormal matrix of corresponding eigenvectors\n",
    "    S={}   # create an empty dictionary\n",
    "    neig=sum(diagD>rPara[1])       # S['nNonZeroEig']=sum(diagD>rPara[1])\n",
    "    #print(diagD),print(Qmat[:,-2:])\n",
    "    Q=Qmat[:,p-neig:]                              # S['Q']=Qmat[:,n-S['nNonZeroEig']:]\n",
    "    D=diagD[p-neig:]           # S['D']=diagD[n-S['nNonZeroEig']:]\n",
    "    D=D.reshape(-1,1)\n",
    "    invD=np.array(diagInv[p-neig:])                  #S['diagInv']=np.array(diagInv[n-S['nNonZeroEig']:])\n",
    "\n",
    "    #elt=Q@(D*Q.T)==A\n",
    "    #print(elt)\n",
    "    #print(Q@(D*Q.T))\n",
    "    #print(A)\n",
    "      \n",
    "\n",
    "    #print(Q)  \n",
    "    #print(D)\n",
    "    print('neig:',neig)\n",
    "    #print(invD)\n",
    "\n",
    "    isSoftStop=1\n",
    "    isTF=0\n",
    "    targetF=0\n",
    "    epsx, maxDx, epsg, nMax =rPara[1], rPara[6], rPara[2], iPara[1]\n",
    "\n",
    "    R, ipiv0 = linalg.qr(A, mode='r', pivoting=True)\n",
    "    diagR=np.abs(np.diag(R))\n",
    "\n",
    "    #print(\"Q:\",Q)\n",
    "    #print(\"R:\",R)\n",
    "    #print(\"P:\",ipiv0)\n",
    "    #print(\"diagR:\",diagR)\n",
    "    x0=np.zeros((p,1))\n",
    "    #print('X,e,y,b0:',X,e,y,b0)\n",
    "    main(p,n,y,X,A,Q,D,b,c,k,x0)\n",
    "    #xols=-(np.linalg.inv(A)@b)\n",
    "    #print(\"xols:\" ,xols)\n",
    "    #print('fxols:',0.5*(xols.T@A@xols)+b.T@xols+c)\n",
    "    #print('fxols:',b.T@xols)\n",
    "    x0=np.zeros((p,1))\n",
    "    isNew, xnew, fxnew, niters, idExit=conjgrad.cg(p,A,b,Q,D,neig,x0,epsx,maxDx,epsg,nMax,isSoftStop,isTF,targetF)\n",
    "    #print(\"isNew:\",isNew)\n",
    "    print(\"xnew:\",xnew)\n",
    "    print(\"fxnew:\",fxnew+c)\n",
    "    #print(\"niters:\",niters)\n",
    "    #print(\"idExit:\",idExit)"
   ]
  },
  {
   "cell_type": "code",
   "execution_count": 5,
   "metadata": {},
   "outputs": [
    {
     "ename": "SyntaxError",
     "evalue": "expression cannot contain assignment, perhaps you meant \"==\"? (3024600541.py, line 4)",
     "output_type": "error",
     "traceback": [
      "  \u001b[36mCell\u001b[39m\u001b[36m \u001b[39m\u001b[32mIn[5]\u001b[39m\u001b[32m, line 4\u001b[39m\n\u001b[31m    \u001b[39m\u001b[31mprint('b:',b[1]=3)\u001b[39m\n               ^\n\u001b[31mSyntaxError\u001b[39m\u001b[31m:\u001b[39m expression cannot contain assignment, perhaps you meant \"==\"?\n"
     ]
    }
   ],
   "source": [
    "import numpy as np\n",
    "a=np.ones(5,dtype=np.int32)\n",
    "b=(1,a[2]+1)\n",
    "print('b:',b[1]=3)"
   ]
  }
 ],
 "metadata": {
  "kernelspec": {
   "display_name": "base",
   "language": "python",
   "name": "python3"
  },
  "language_info": {
   "codemirror_mode": {
    "name": "ipython",
    "version": 3
   },
   "file_extension": ".py",
   "mimetype": "text/x-python",
   "name": "python",
   "nbconvert_exporter": "python",
   "pygments_lexer": "ipython3",
   "version": "3.12.7"
  }
 },
 "nbformat": 4,
 "nbformat_minor": 2
}
