{
 "cells": [
  {
   "cell_type": "code",
   "execution_count": null,
   "metadata": {},
   "outputs": [],
   "source": [
    "# add the directory to the path, if not already added\n",
    "import sys\n",
    "import os\n",
    "path_to_add = \"/Users/vikra/Downloads/dryrun\"  # Replace with the path to your directory\n",
    "# Ensure the path is absolute\n",
    "path_to_add = os.path.abspath(path_to_add)\n",
    "if path_to_add not in sys.path:\n",
    "  sys.path.append(path_to_add)\n",
    "\n",
    "# main\n",
    "import numpy as np\n",
    "import numpy.linalg as la\n",
    "import conjgrad\n",
    "print(dir(conjgrad)) \n",
    "\n",
    "rPara=np.array([ [1e-14],      #rPara(1)=10^(-14)=eps\n",
    "        [1e-9],       #rPara(2)=10^(-9)=epsPivot used in matrix factorization\n",
    "        [1e-9],       #rPara(3)=10^(-6)=epsSD   10^(-3) is not good\n",
    "        [0.5*1e-3],   #rPara(4)=0.5*10^(-3), MS9/9/19 relative error of f-value\n",
    "        [1e-9],       # used in MiniQuadFunUnconstAdapt1.m and MiniQuadFunUnconstAdapt3 , if -df < rPara(5)*|fx0| , not acceptable progress\n",
    "        [0.5],        # used in MiniQuadFunUnconstAdapt2.m  , if  -gdx*rPara(6) > -df , not acceptable progress  \n",
    "        [1e18],       # maxDx, max value allowed for a step size in uSD,uPT,uCD\n",
    "        [1e5],        #rparaFac0=1e+5, since 8/16/23\n",
    "        [1e-1],       #iparaFac0=1e-1\n",
    "] )   \n",
    "\n",
    "iPara=np.array([  [0],        # iPara(1)=option used in LDLtOfSymMatrix21.m  for prearrangement\n",
    "        [500],       # iPara(2)=max # of iterations for S-D alg\n",
    "        [0],         # iPara(3)= MS:9/8/19 toDebug\n",
    "        [21],        # iPara(4)= MS:9/9/19   #-1 is max length of printed out vector/matrix\n",
    "        [3],         # iPara(5)=0 means use full recursion, iPara(5)=1 means use 1-recursion + steepest descent to solve instead of full recursion\n",
    "        [0],         # iPara(6)=1 means use SD2 in the framework of v41\n",
    "        [0],         # iPara(7)= MS:9/15/19 as option to pre-permutation of variables based on domain size\n",
    "        [1],         # iPara(8)= MS:10/20/19 as option to check suff cond of optimality for earlier exit (1=y, 0=n)\n",
    "        [0],         # iPara(9)= MS:10/31/19 as option to use 0=LDU (original/default), 1=QDQ' ([Q,D]=eig(A); Q=o.n. e.v. for symmetric case, enough!)\n",
    "        [0],         # iPara(10)=MS:10/31/19 as option to use different choices of Xstart[]/Ystart[]: 0=Box(original/default), 1=space-Box(hybrid)\n",
    "        [5],         # iPara(11)=VS:11/7/19, select bdy face 0=original, 1,2,3 for 3 versions of min dist from a line, 4 for min dist from a face approach 11/20\n",
    "        [0],         # iPara(12)=tie breaker flag to select only one bdy face.\n",
    "        [0],         # iPara(13)=as a flag controlling a pre-search procedure! It applies to: Sd,AllSd,PsdSd,\n",
    "] )                \n",
    "\n",
    "# Example matrix (symmetric for real eigenvalues and eigenvectors)\n",
    "n=3\n",
    "A = np.array([[4, 1, -2],          # hessian\n",
    "                   [1, 2, -1],\n",
    "                   [-2, -1, 1]])\n",
    "d = np.array([1, 2, 3])    # linear term\n",
    "d=d.reshape(-1,1)\n",
    "x = np.zeros((n,1)) # starting point\n",
    "#x=np.zeros(n)\n",
    "diagInv=1/np.diag(A)\n",
    "\n",
    "# Perform spectral decomposition\n",
    "diagD, Qmat = la.eigh(A)  # diagD is a vector of eigenvalues in ascending order\n",
    "                               # Qmat is orthonormal matrix of corresponding eigenvectors\n",
    "S={}   # create an empty dictionary\n",
    "neig=sum(diagD>rPara[1])       # S['nNonZeroEig']=sum(diagD>rPara[1])\n",
    "#print(diagD),print(Qmat[:,-2:])\n",
    "Q=Qmat[:,n-neig:]                              # S['Q']=Qmat[:,n-S['nNonZeroEig']:]\n",
    "D=diagD[n-neig:]           # S['D']=diagD[n-S['nNonZeroEig']:]\n",
    "D=D.reshape(-1,1)\n",
    "invD=np.array(diagInv[n-neig:])                  #S['diagInv']=np.array(diagInv[n-S['nNonZeroEig']:])\n",
    "\n",
    "print(Q)  \n",
    "print(D)\n",
    "print(neig)\n",
    "print(invD)\n",
    "\n",
    "isSoftStop=1\n",
    "isTF=0\n",
    "targetF=0\n",
    "epsx, maxDx, epsg, nMax =rPara[1], rPara[6], rPara[2], iPara[1]\n",
    "\n",
    "isNew, xnew, fxnew, niters, idExit=conjgrad.cg(n,A,d,Q,D,neig,x,epsx,maxDx,epsg,nMax,isSoftStop,isTF,targetF)\n",
    "print(\"isNew:\",isNew)\n",
    "print(\"xnew:\",xnew)\n",
    "print(\"fxnew:\",fxnew)\n",
    "print(\"niters:\",niters)\n",
    "print(\"idExit:\",idExit)\n",
    "print(\"xols:\" ,-(np.linalg.inv(A)@d))"
   ]
  },
  {
   "cell_type": "markdown",
   "metadata": {},
   "source": [
    "Next we are building ibbef"
   ]
  },
  {
   "cell_type": "code",
   "execution_count": 4,
   "metadata": {},
   "outputs": [
    {
     "name": "stdout",
     "output_type": "stream",
     "text": [
      "neig: 4\n",
      "xnew: [[-0.36332098]\n",
      " [-0.82165212]\n",
      " [-1.14253909]\n",
      " [-1.46540376]\n",
      " [-1.30120073]\n",
      " [ 0.42333823]\n",
      " [-0.68457203]\n",
      " [ 0.58497417]\n",
      " [-0.43249988]\n",
      " [-0.00642891]]\n",
      "fxnew: [[-1.42108547e-13]]\n",
      "A: [[ 19.34878987  -1.38941859  -1.0165786   11.11679967  -4.98032566\n",
      "    4.12260186   3.93005506   0.73526072  -8.22034617  -6.39361752]\n",
      " [ -1.38941859   5.69052277   3.45538068  -0.32099504   5.48960365\n",
      "   -1.59457237   6.09628557  -0.05314952   2.53872562  -0.46340842]\n",
      " [ -1.0165786    3.45538068   6.14503987   6.80563027   8.87315223\n",
      "   -4.19714191   2.0285179   -3.06707283   3.61217037   2.58083251]\n",
      " [ 11.11679967  -0.32099504   6.80563027  19.02154141   6.48723147\n",
      "   -2.75938336  -0.32015407  -5.21377285  -1.12713886   0.64895763]\n",
      " [ -4.98032566   5.48960365   8.87315223   6.48723147  17.91523267\n",
      "  -10.06493254   4.22667903  -2.43382908   7.11996093   7.65594696]\n",
      " [  4.12260186  -1.59457237  -4.19714191  -2.75938336 -10.06493254\n",
      "    6.41207025  -0.608319     1.07937324  -4.16888694  -5.74101667]\n",
      " [  3.93005506   6.09628557   2.0285179   -0.32015407   4.22667903\n",
      "   -0.608319     9.30129856   2.04077214  -0.07341201  -2.38133254]\n",
      " [  0.73526072  -0.05314952  -3.06707283  -5.21377285  -2.43382908\n",
      "    1.07937324   2.04077214   3.09150802  -1.60246197  -1.05089042]\n",
      " [ -8.22034617   2.53872562   3.61217037  -1.12713886   7.11996093\n",
      "   -4.16888694  -0.07341201  -1.60246197   5.2161994    4.11904249]\n",
      " [ -6.39361752  -0.46340842   2.58083251   0.64895763   7.65594696\n",
      "   -5.74101667  -2.38133254  -1.05089042   4.11904249   6.29694562]]\n",
      "ipiv0: [4 0 6 3]\n",
      "ipiv1: [1, 2, 5, 7, 8, 9]\n",
      "A: [[ 17.91523267  -4.98032566   4.22667903   6.48723147   5.48960365\n",
      "    8.87315223 -10.06493254  -2.43382908   7.11996093   7.65594696]\n",
      " [ -4.98032566  19.34878987   3.93005506  11.11679967  -1.38941859\n",
      "   -1.0165786    4.12260186   0.73526072  -8.22034617  -6.39361752]\n",
      " [  4.22667903   3.93005506   9.30129856  -0.32015407   6.09628557\n",
      "    2.0285179   -0.608319     2.04077214  -0.07341201  -2.38133254]\n",
      " [  6.48723147  11.11679967  -0.32015407  19.02154141  -0.32099504\n",
      "    6.80563027  -2.75938336  -5.21377285  -1.12713886   0.64895763]\n",
      " [  5.48960365  -1.38941859   6.09628557  -0.32099504   5.69052277\n",
      "    3.45538068  -1.59457237  -0.05314952   2.53872562  -0.46340842]\n",
      " [  8.87315223  -1.0165786    2.0285179    6.80563027   3.45538068\n",
      "    6.14503987  -4.19714191  -3.06707283   3.61217037   2.58083251]\n",
      " [-10.06493254   4.12260186  -0.608319    -2.75938336  -1.59457237\n",
      "   -4.19714191   6.41207025   1.07937324  -4.16888694  -5.74101667]\n",
      " [ -2.43382908   0.73526072   2.04077214  -5.21377285  -0.05314952\n",
      "   -3.06707283   1.07937324   3.09150802  -1.60246197  -1.05089042]\n",
      " [  7.11996093  -8.22034617  -0.07341201  -1.12713886   2.53872562\n",
      "    3.61217037  -4.16888694  -1.60246197   5.2161994    4.11904249]\n",
      " [  7.65594696  -6.39361752  -2.38133254   0.64895763  -0.46340842\n",
      "    2.58083251  -5.74101667  -1.05089042   4.11904249   6.29694562]]\n",
      "b: [[ 57.36340401]\n",
      " [ 11.45555797]\n",
      " [ 19.16923581]\n",
      " [ 51.38193862]\n",
      " [ 20.76592209]\n",
      " [ 37.547964  ]\n",
      " [-27.35013277]\n",
      " [-15.65612535]\n",
      " [ 15.77363461]\n",
      " [ 14.39482471]]\n",
      "npiv0, npiv00: 4 4\n",
      "E0: [[ 1.00000000e+00 -2.77993915e-01  2.35926550e-01  3.62107018e-01\n",
      "   3.06421008e-01  4.95285347e-01 -5.61808642e-01 -1.35852496e-01\n",
      "   3.97424977e-01  4.27342871e-01 -3.20193464e+00]\n",
      " [ 0.00000000e+00  1.00000000e+00  2.84177455e-01  7.19216334e-01\n",
      "   7.60719289e-03  8.07214622e-02  7.37358331e-02  3.26598169e-03\n",
      "  -3.47413701e-01 -2.37432759e-01 -1.52537260e+00]\n",
      " [ 0.00000000e+00  0.00000000e+00  1.00000000e+00 -8.05777850e-01\n",
      "   6.94885092e-01 -6.95979961e-02  2.02796612e-01  3.79127732e-01\n",
      "   2.97125828e-03 -4.34161132e-01  3.13920082e-01]\n",
      " [ 0.00000000e+00  0.00000000e+00  0.00000000e+00  1.00000000e+00\n",
      "   4.88092294e-01  7.38941957e-01  3.59151099e-01 -7.78421580e-01\n",
      "   2.72920885e-01 -4.95922129e-01 -3.12888004e+00]]\n",
      "supp1: [0 1 2 3 4 5 6 7 8 9]\n",
      "local_supp: [4 3]\n",
      "supp1: [0 1 2 3 4 5 6 7 8 9]\n",
      "local_supp: [4 3]\n",
      "supp1: [0 1 2 3 4 5 6 7 8 9]\n",
      "local_supp: [4 3]\n",
      "supp1: [0 1 2 3 4 5 6 7 8 9]\n",
      "local_supp: [4 3]\n",
      "supp1: [0 1 2 3 4 5 6 7 8 9]\n",
      "local_supp: [4 3]\n",
      "supp1: [0 1 2 3 4 5 6 7 8 9]\n",
      "local_supp: [4 3]\n",
      "supp1: [0 1 2 3 4 5 6 7 8 9]\n",
      "local_supp: [4 3]\n",
      "supp1: [0 1 2 3 4 5 6 7 8 9]\n",
      "local_supp: [4 3]\n",
      "supp1: [0 1 2 3 4 5 6 7 8 9]\n",
      "local_supp: [4 3]\n",
      "supp1: [0 1 2 3 4 5 6 7 8 9]\n",
      "local_supp: [4 3]\n",
      "supp1: [0 1 2 3 4 5 6 7 8 9]\n",
      "local_supp: [4 3]\n",
      "supp1: [0 1 2 3 4 5 6 7 8 9]\n",
      "local_supp: [4 3]\n",
      "supp1: [0 1 2 3 4 5 6 7 8 9]\n",
      "local_supp: [4 3]\n",
      "supp1: [0 1 2 3 4 5 6 7 8 9]\n",
      "local_supp: [4 3]\n",
      "supp1: [0 1 2 3 4 5 6 7 8 9]\n",
      "local_supp: [4 3]\n",
      "alg. converged\n",
      "xout: [[-1.5253726 ]\n",
      " [ 0.        ]\n",
      " [ 0.        ]\n",
      " [ 0.        ]\n",
      " [-3.62597894]\n",
      " [ 0.        ]\n",
      " [ 0.        ]\n",
      " [ 0.        ]\n",
      " [ 0.        ]\n",
      " [ 0.        ]]\n",
      "fout: [[14.68133603]]\n"
     ]
    }
   ],
   "source": [
    "# add the directory to the path, if not already added\n",
    "import sys\n",
    "import os\n",
    "path_to_add = \"/Users/vikra/Downloads/dryrun\"  # Replace with the path to your directory\n",
    "# Ensure the path is absolute\n",
    "path_to_add = os.path.abspath(path_to_add)\n",
    "if path_to_add not in sys.path:\n",
    "  sys.path.append(path_to_add)\n",
    "\n",
    "# main\n",
    "import numpy as np\n",
    "from scipy import linalg\n",
    "from ibbef import main\n",
    "import conjgrad\n",
    "\n",
    "rPara=np.array([ [1e-14],      #rPara(1)=10^(-14)=eps\n",
    "        [1e-9],       #rPara(2)=10^(-9)=epsPivot used in matrix factorization\n",
    "        [1e-9],       #rPara(3)=10^(-6)=epsSD   10^(-3) is not good\n",
    "        [0.5*1e-3],   #rPara(4)=0.5*10^(-3), MS9/9/19 relative error of f-value\n",
    "        [1e-9],       # used in MiniQuadFunUnconstAdapt1.m and MiniQuadFunUnconstAdapt3 , if -df < rPara(5)*|fx0| , not acceptable progress\n",
    "        [0.5],        # used in MiniQuadFunUnconstAdapt2.m  , if  -gdx*rPara(6) > -df , not acceptable progress  \n",
    "        [1e18],       # maxDx, max value allowed for a step size in uSD,uPT,uCD\n",
    "        [1e5],        #rparaFac0=1e+5, since 8/16/23\n",
    "        [1e-1],       #iparaFac0=1e-1\n",
    "] )   \n",
    "\n",
    "iPara=np.array([  [0],        # iPara(1)=option used in LDLtOfSymMatrix21.m  for prearrangement\n",
    "        [500],       # iPara(2)=max # of iterations for S-D alg\n",
    "        [0],         # iPara(3)= MS:9/8/19 toDebug\n",
    "        [21],        # iPara(4)= MS:9/9/19   #-1 is max length of printed out vector/matrix\n",
    "        [3],         # iPara(5)=0 means use full recursion, iPara(5)=1 means use 1-recursion + steepest descent to solve instead of full recursion\n",
    "        [0],         # iPara(6)=1 means use SD2 in the framework of v41\n",
    "        [0],         # iPara(7)= MS:9/15/19 as option to pre-permutation of variables based on domain size\n",
    "        [1],         # iPara(8)= MS:10/20/19 as option to check suff cond of optimality for earlier exit (1=y, 0=n)\n",
    "        [0],         # iPara(9)= MS:10/31/19 as option to use 0=LDU (original/default), 1=QDQ' ([Q,D]=eig(A); Q=o.n. e.v. for symmetric case, enough!)\n",
    "        [0],         # iPara(10)=MS:10/31/19 as option to use different choices of Xstart[]/Ystart[]: 0=Box(original/default), 1=space-Box(hybrid)\n",
    "        [5],         # iPara(11)=VS:11/7/19, select bdy face 0=original, 1,2,3 for 3 versions of min dist from a line, 4 for min dist from a face approach 11/20\n",
    "        [0],         # iPara(12)=tie breaker flag to select only one bdy face.\n",
    "        [0],         # iPara(13)=as a flag controlling a pre-search procedure! It applies to: Sd,AllSd,PsdSd,\n",
    "] )                \n",
    "\n",
    "p=10\n",
    "n=4\n",
    "k=2\n",
    "niter=1\n",
    "for i in range(niter):\n",
    "    mu=np.zeros(p)\n",
    "    sigma=np.eye(p)\n",
    "    seed=np.random.seed(i)\n",
    "    X = np.random.multivariate_normal(mu, sigma,n )\n",
    "    colmeans=np.mean(X,axis=0)  # find the mean of each column\n",
    "    #X= X - colmeans             # make the column mean zero\n",
    "    colnorms = np.linalg.norm(X, axis=0, keepdims=True) # find 2-norm of each col\n",
    "    #X = X / colnorms \n",
    "    b0 = np.random.randint(-2,2,p)\n",
    "    b0 = np.reshape(b0, (-1,1)) # make it a col array\n",
    "    e = np.random.normal(size=n)\n",
    "    e = np.reshape(e,(-1,1))  # make it a col array\n",
    "    y = X @ b0 + e\n",
    "    y = np.reshape(y, (-1,1))  # make it a col array\n",
    "    A = 2*(X.T @ X)\n",
    "    b = -2*(X.T @ y)\n",
    "    c = y.T @ y\n",
    "\n",
    "    diagInv=1/np.diag(A)\n",
    "\n",
    "    # Perform spectral decomposition\n",
    "    diagD, Qmat = linalg.eigh(A)  # diagD is a vector of eigenvalues in ascending order\n",
    "                               # Qmat is orthonormal matrix of corresponding eigenvectors\n",
    "    S={}   # create an empty dictionary\n",
    "    neig=sum(diagD>rPara[1])       # S['nNonZeroEig']=sum(diagD>rPara[1])\n",
    "    #print(diagD),print(Qmat[:,-2:])\n",
    "    Q=Qmat[:,p-neig:]                              # S['Q']=Qmat[:,n-S['nNonZeroEig']:]\n",
    "    D=diagD[p-neig:]           # S['D']=diagD[n-S['nNonZeroEig']:]\n",
    "    D=D.reshape(-1,1)\n",
    "    invD=np.array(diagInv[p-neig:])                  #S['diagInv']=np.array(diagInv[n-S['nNonZeroEig']:])\n",
    "\n",
    "    #elt=Q@(D*Q.T)==A\n",
    "    #print(elt)\n",
    "    #print(Q@(D*Q.T))\n",
    "    #print(A)\n",
    "      \n",
    "\n",
    "    #print(Q)  \n",
    "    #print(D)\n",
    "    print('neig:',neig)\n",
    "    #print(invD)\n",
    "\n",
    "    isSoftStop=1\n",
    "    isTF=0\n",
    "    targetF=0\n",
    "    epsx, maxDx, epsg, nMax =rPara[1], rPara[6], rPara[2], iPara[1]\n",
    "\n",
    "    R, ipiv0 = linalg.qr(A, mode='r', pivoting=True)\n",
    "    diagR=np.abs(np.diag(R))\n",
    "\n",
    "    #print(\"Q:\",Q)\n",
    "    #print(\"R:\",R)\n",
    "    #print(\"P:\",ipiv0)\n",
    "    #print(\"diagR:\",diagR)\n",
    "    x0=np.zeros((p,1))\n",
    "    #print('X,e,y,b0:',X,e,y,b0)\n",
    "    #xols=-(np.linalg.inv(A)@b)\n",
    "    #print(\"xols:\" ,xols)\n",
    "    #print('fxols:',0.5*(xols.T@A@xols)+b.T@xols+c)\n",
    "    #print('fxols:',b.T@xols)\n",
    "    isNew, xnew, fxnew, niters, idExit=conjgrad.cg(p,A,b,Q,D,neig,x0,epsx,maxDx,epsg,nMax,isSoftStop,isTF,targetF)\n",
    "    #print(\"isNew:\",isNew)\n",
    "    print(\"xnew:\",xnew)\n",
    "    print(\"fxnew:\",fxnew+c)\n",
    "    #print(\"niters:\",niters)\n",
    "    #print(\"idExit:\",idExit)\n",
    "    xout, fout=main(p,n,y,X,A,b,c,k,xnew)\n",
    "    print('xout:',xout)\n",
    "    print('fout:',fout)\n",
    "    "
   ]
  },
  {
   "cell_type": "code",
   "execution_count": null,
   "metadata": {},
   "outputs": [
    {
     "name": "stdout",
     "output_type": "stream",
     "text": [
      "b: [[2]\n",
      " [5]\n",
      " [3]\n",
      " [7]\n",
      " [4]]\n"
     ]
    },
    {
     "ename": "TypeError",
     "evalue": "'numpy.ndarray' object is not callable",
     "output_type": "error",
     "traceback": [
      "\u001b[31m---------------------------------------------------------------------------\u001b[39m",
      "\u001b[31mTypeError\u001b[39m                                 Traceback (most recent call last)",
      "\u001b[36mCell\u001b[39m\u001b[36m \u001b[39m\u001b[32mIn[8]\u001b[39m\u001b[32m, line 13\u001b[39m\n\u001b[32m     11\u001b[39m i=np.reshape(i,(-\u001b[32m1\u001b[39m,\u001b[32m1\u001b[39m))\n\u001b[32m     12\u001b[39m j=np.array([\u001b[32m3\u001b[39m, \u001b[32m4\u001b[39m])\n\u001b[32m---> \u001b[39m\u001b[32m13\u001b[39m \u001b[38;5;28mprint\u001b[39m(\u001b[33m'\u001b[39m\u001b[33mb[i]:\u001b[39m\u001b[33m'\u001b[39m,\u001b[43mb\u001b[49m\u001b[43m(\u001b[49m\u001b[43mi\u001b[49m\u001b[43m)\u001b[49m)\n\u001b[32m     14\u001b[39m \u001b[38;5;28mprint\u001b[39m(\u001b[33m'\u001b[39m\u001b[33mb[j]:\u001b[39m\u001b[33m'\u001b[39m,b[j])\n",
      "\u001b[31mTypeError\u001b[39m: 'numpy.ndarray' object is not callable"
     ]
    }
   ],
   "source": [
    "import numpy as np\n",
    "import gurobipy as gp\n",
    "#a=np.ones(5,dtype=np.int32)\n",
    "a=np.array([[3, 5, 4, 7, 11, 1],\n",
    "            [4, 12, 7, 3, 2, 9]])\n",
    "#print(a[:,:-2])\n",
    "b=np.array([2, 5, 3, 7, 4])\n",
    "b=np.reshape(b,(-1,1))\n",
    "print('b:',b)\n",
    "i=np.array([0, 1, 2])\n",
    "i=np.reshape(i,(-1,1))\n",
    "j=np.array([3, 4])\n",
    "print('b[i]:',b[i])\n",
    "print('b[j]:',b[j])"
   ]
  },
  {
   "cell_type": "code",
   "execution_count": 4,
   "metadata": {},
   "outputs": [
    {
     "name": "stdout",
     "output_type": "stream",
     "text": [
      "new: (1, [2, 3, 4], 'a', 0)\n"
     ]
    }
   ],
   "source": [
    "import numpy as np\n",
    "a=(1,[2, 3, 4], 'a')\n",
    "print('new:', a+(0,))"
   ]
  }
 ],
 "metadata": {
  "kernelspec": {
   "display_name": "base",
   "language": "python",
   "name": "python3"
  },
  "language_info": {
   "codemirror_mode": {
    "name": "ipython",
    "version": 3
   },
   "file_extension": ".py",
   "mimetype": "text/x-python",
   "name": "python",
   "nbconvert_exporter": "python",
   "pygments_lexer": "ipython3",
   "version": "3.12.7"
  }
 },
 "nbformat": 4,
 "nbformat_minor": 2
}
