{
 "cells": [
  {
   "cell_type": "code",
   "execution_count": 1,
   "id": "9242d46e",
   "metadata": {},
   "outputs": [
    {
     "name": "stdout",
     "output_type": "stream",
     "text": [
      "x0,fx0: [[  0.        ]\n",
      " [ 11.36003347]\n",
      " [  0.        ]\n",
      " [  0.        ]\n",
      " [-16.5157587 ]\n",
      " [  0.        ]\n",
      " [  0.        ]\n",
      " [  0.        ]] 10154.8608360642\n",
      "A: [[ 2.         -0.11705112  0.06933272 -0.09939571 -0.19796162  0.12985488\n",
      "   0.01349761 -0.03215592]\n",
      " [-0.11705112  2.          0.07306473 -0.02821169  0.18304428  0.02883831\n",
      "  -0.09583379 -0.12072797]\n",
      " [ 0.06933272  0.07306473  2.          0.0970781  -0.05332915 -0.12819375\n",
      "  -0.05297713 -0.21141942]\n",
      " [-0.09939571 -0.02821169  0.0970781   2.         -0.05141508  0.07134636\n",
      "  -0.24686912  0.09585019]\n",
      " [-0.19796162  0.18304428 -0.05332915 -0.05141508  2.          0.17515946\n",
      "   0.07495507  0.21623856]\n",
      " [ 0.12985488  0.02883831 -0.12819375  0.07134636  0.17515946  2.\n",
      "  -0.10086022  0.01221077]\n",
      " [ 0.01349761 -0.09583379 -0.05297713 -0.24686912  0.07495507 -0.10086022\n",
      "   2.         -0.17915752]\n",
      " [-0.03215592 -0.12072797 -0.21141942  0.09585019  0.21623856  0.01221077\n",
      "  -0.17915752  2.        ]]\n",
      "b: [[  9.51737705]\n",
      " [-19.69695174]\n",
      " [  7.48533068]\n",
      " [-10.83958033]\n",
      " [ 30.95212822]\n",
      " [ 15.92952623]\n",
      " [ -2.18109632]\n",
      " [ 13.96204026]]\n",
      "p type: int64\n",
      "alg. converged\n",
      "start, end: 2.578409 2.683127\n",
      "xibb: [[  0.        ]\n",
      " [ 11.36003347]\n",
      " [  0.        ]\n",
      " [  0.        ]\n",
      " [-16.5157587 ]\n",
      " [  0.        ]\n",
      " [  0.        ]\n",
      " [  0.        ]]\n",
      "fibb: 10154.8608360642\n",
      "CPU ibb: 0.10471799999999964\n",
      "ipiv0: [4 6 2 0 1 3 5 7]\n",
      "ipiv1: []\n",
      "npiv0, npiv00: 8 8\n",
      "alg. converged\n",
      "start, end: 2.683194 2.689847\n",
      "xibbef: [[  0.        ]\n",
      " [ 11.36003347]\n",
      " [  0.        ]\n",
      " [  0.        ]\n",
      " [-16.5157587 ]\n",
      " [  0.        ]\n",
      " [  0.        ]\n",
      " [  0.        ]]\n",
      "fibbef: 10154.8608360642\n",
      "CPU ibbef: 0.00665300000000002\n",
      "Set parameter Username\n",
      "Set parameter LicenseID to value 2631835\n",
      "Academic license - for non-commercial use only - expires 2026-03-06\n",
      "obj: 9.517377047885628 <gurobi.Var *Awaiting Model Update*> + -19.696951737352293 <gurobi.Var *Awaiting Model Update*> + 7.485330679310656 <gurobi.Var *Awaiting Model Update*> + -10.839580326909285 <gurobi.Var *Awaiting Model Update*> + 30.95212822126049 <gurobi.Var *Awaiting Model Update*> + 15.929526231147499 <gurobi.Var *Awaiting Model Update*> + -2.1810963150266818 <gurobi.Var *Awaiting Model Update*> + 13.962040261412819 <gurobi.Var *Awaiting Model Update*> + [ <gurobi.Var *Awaiting Model Update*> ^ 2 + -0.05852556046846725 <gurobi.Var *Awaiting Model Update*> * <gurobi.Var *Awaiting Model Update*> + 0.034666360248994284 <gurobi.Var *Awaiting Model Update*> * <gurobi.Var *Awaiting Model Update*> + -0.04969785649939759 <gurobi.Var *Awaiting Model Update*> * <gurobi.Var *Awaiting Model Update*> + -0.09898080855365746 <gurobi.Var *Awaiting Model Update*> * <gurobi.Var *Awaiting Model Update*> + 0.06492743818978142 <gurobi.Var *Awaiting Model Update*> * <gurobi.Var *Awaiting Model Update*> + 0.006748804965806328 <gurobi.Var *Awaiting Model Update*> * <gurobi.Var *Awaiting Model Update*> + -0.016077958363393194 <gurobi.Var *Awaiting Model Update*> * <gurobi.Var *Awaiting Model Update*> + -0.05852556046846725 <gurobi.Var *Awaiting Model Update*> * <gurobi.Var *Awaiting Model Update*> + 1.0000000000000002 <gurobi.Var *Awaiting Model Update*> ^ 2 + 0.036532364802681724 <gurobi.Var *Awaiting Model Update*> * <gurobi.Var *Awaiting Model Update*> + -0.014105843909134793 <gurobi.Var *Awaiting Model Update*> * <gurobi.Var *Awaiting Model Update*> + 0.09152214136871267 <gurobi.Var *Awaiting Model Update*> * <gurobi.Var *Awaiting Model Update*> + 0.014419155949095867 <gurobi.Var *Awaiting Model Update*> * <gurobi.Var *Awaiting Model Update*> + -0.04791689604555112 <gurobi.Var *Awaiting Model Update*> * <gurobi.Var *Awaiting Model Update*> + -0.060363986718015544 <gurobi.Var *Awaiting Model Update*> * <gurobi.Var *Awaiting Model Update*> + 0.034666360248994284 <gurobi.Var *Awaiting Model Update*> * <gurobi.Var *Awaiting Model Update*> + 0.036532364802681724 <gurobi.Var *Awaiting Model Update*> * <gurobi.Var *Awaiting Model Update*> + 0.9999999999999993 <gurobi.Var *Awaiting Model Update*> ^ 2 + 0.04853905242832339 <gurobi.Var *Awaiting Model Update*> * <gurobi.Var *Awaiting Model Update*> + -0.026664575531585334 <gurobi.Var *Awaiting Model Update*> * <gurobi.Var *Awaiting Model Update*> + -0.0640968748816141 <gurobi.Var *Awaiting Model Update*> * <gurobi.Var *Awaiting Model Update*> + -0.026488565143130985 <gurobi.Var *Awaiting Model Update*> * <gurobi.Var *Awaiting Model Update*> + -0.10570971122058853 <gurobi.Var *Awaiting Model Update*> * <gurobi.Var *Awaiting Model Update*> + -0.04969785649939759 <gurobi.Var *Awaiting Model Update*> * <gurobi.Var *Awaiting Model Update*> + -0.014105843909134793 <gurobi.Var *Awaiting Model Update*> * <gurobi.Var *Awaiting Model Update*> + 0.04853905242832339 <gurobi.Var *Awaiting Model Update*> * <gurobi.Var *Awaiting Model Update*> + 0.9999999999999998 <gurobi.Var *Awaiting Model Update*> ^ 2 + -0.025707538874918202 <gurobi.Var *Awaiting Model Update*> * <gurobi.Var *Awaiting Model Update*> + 0.03567318029684835 <gurobi.Var *Awaiting Model Update*> * <gurobi.Var *Awaiting Model Update*> + -0.12343456142458537 <gurobi.Var *Awaiting Model Update*> * <gurobi.Var *Awaiting Model Update*> + 0.04792509414798406 <gurobi.Var *Awaiting Model Update*> * <gurobi.Var *Awaiting Model Update*> + -0.09898080855365746 <gurobi.Var *Awaiting Model Update*> * <gurobi.Var *Awaiting Model Update*> + 0.09152214136871267 <gurobi.Var *Awaiting Model Update*> * <gurobi.Var *Awaiting Model Update*> + -0.026664575531585334 <gurobi.Var *Awaiting Model Update*> * <gurobi.Var *Awaiting Model Update*> + -0.025707538874918202 <gurobi.Var *Awaiting Model Update*> * <gurobi.Var *Awaiting Model Update*> + 0.9999999999999991 <gurobi.Var *Awaiting Model Update*> ^ 2 + 0.08757973069151372 <gurobi.Var *Awaiting Model Update*> * <gurobi.Var *Awaiting Model Update*> + 0.0374775327432419 <gurobi.Var *Awaiting Model Update*> * <gurobi.Var *Awaiting Model Update*> + 0.10811927777086626 <gurobi.Var *Awaiting Model Update*> * <gurobi.Var *Awaiting Model Update*> + 0.06492743818978142 <gurobi.Var *Awaiting Model Update*> * <gurobi.Var *Awaiting Model Update*> + 0.014419155949095867 <gurobi.Var *Awaiting Model Update*> * <gurobi.Var *Awaiting Model Update*> + -0.0640968748816141 <gurobi.Var *Awaiting Model Update*> * <gurobi.Var *Awaiting Model Update*> + 0.03567318029684835 <gurobi.Var *Awaiting Model Update*> * <gurobi.Var *Awaiting Model Update*> + 0.08757973069151372 <gurobi.Var *Awaiting Model Update*> * <gurobi.Var *Awaiting Model Update*> + 1.0000000000000004 <gurobi.Var *Awaiting Model Update*> ^ 2 + -0.05043011060170002 <gurobi.Var *Awaiting Model Update*> * <gurobi.Var *Awaiting Model Update*> + 0.006105386108217814 <gurobi.Var *Awaiting Model Update*> * <gurobi.Var *Awaiting Model Update*> + 0.006748804965806328 <gurobi.Var *Awaiting Model Update*> * <gurobi.Var *Awaiting Model Update*> + -0.04791689604555112 <gurobi.Var *Awaiting Model Update*> * <gurobi.Var *Awaiting Model Update*> + -0.026488565143130985 <gurobi.Var *Awaiting Model Update*> * <gurobi.Var *Awaiting Model Update*> + -0.12343456142458537 <gurobi.Var *Awaiting Model Update*> * <gurobi.Var *Awaiting Model Update*> + 0.0374775327432419 <gurobi.Var *Awaiting Model Update*> * <gurobi.Var *Awaiting Model Update*> + -0.05043011060170002 <gurobi.Var *Awaiting Model Update*> * <gurobi.Var *Awaiting Model Update*> + 0.9999999999999993 <gurobi.Var *Awaiting Model Update*> ^ 2 + -0.08957876230850663 <gurobi.Var *Awaiting Model Update*> * <gurobi.Var *Awaiting Model Update*> + -0.016077958363393194 <gurobi.Var *Awaiting Model Update*> * <gurobi.Var *Awaiting Model Update*> + -0.060363986718015544 <gurobi.Var *Awaiting Model Update*> * <gurobi.Var *Awaiting Model Update*> + -0.10570971122058853 <gurobi.Var *Awaiting Model Update*> * <gurobi.Var *Awaiting Model Update*> + 0.04792509414798406 <gurobi.Var *Awaiting Model Update*> * <gurobi.Var *Awaiting Model Update*> + 0.10811927777086626 <gurobi.Var *Awaiting Model Update*> * <gurobi.Var *Awaiting Model Update*> + 0.006105386108217814 <gurobi.Var *Awaiting Model Update*> * <gurobi.Var *Awaiting Model Update*> + -0.08957876230850663 <gurobi.Var *Awaiting Model Update*> * <gurobi.Var *Awaiting Model Update*> + <gurobi.Var *Awaiting Model Update*> ^ 2 ]\n",
      "xmio: [0.0, 11.360033471223312, 0.0, 0.0, -16.515758699936868, 0.0, 0.0, 0.0]\n",
      "bx: [[-734.95591197]]\n",
      "xAx: [[734.95591197]]\n",
      "fxout: [[10154.86083606]]\n",
      "xmio: [[  0.        ]\n",
      " [ 11.36003347]\n",
      " [  0.        ]\n",
      " [  0.        ]\n",
      " [-16.5157587 ]\n",
      " [  0.        ]\n",
      " [  0.        ]\n",
      " [  0.        ]]\n",
      "fmio: 10154.8608360642\n",
      "CPU mio: 0.03519300000000003\n",
      "10154.8608360642 0.10471799999999964 0.0 [  0.          11.36003347   0.           0.         -16.5157587\n",
      "   0.           0.           0.        ]\n",
      "x0,fx0: [[  0.        ]\n",
      " [ 11.46914367]\n",
      " [  0.        ]\n",
      " [  5.42358359]\n",
      " [-15.77836109]\n",
      " [ -6.94175035]\n",
      " [  0.        ]\n",
      " [  0.        ]] 10080.514197531118\n",
      "A: [[ 2.         -0.11705112  0.06933272 -0.09939571 -0.19796162  0.12985488\n",
      "   0.01349761 -0.03215592]\n",
      " [-0.11705112  2.          0.07306473 -0.02821169  0.18304428  0.02883831\n",
      "  -0.09583379 -0.12072797]\n",
      " [ 0.06933272  0.07306473  2.          0.0970781  -0.05332915 -0.12819375\n",
      "  -0.05297713 -0.21141942]\n",
      " [-0.09939571 -0.02821169  0.0970781   2.         -0.05141508  0.07134636\n",
      "  -0.24686912  0.09585019]\n",
      " [-0.19796162  0.18304428 -0.05332915 -0.05141508  2.          0.17515946\n",
      "   0.07495507  0.21623856]\n",
      " [ 0.12985488  0.02883831 -0.12819375  0.07134636  0.17515946  2.\n",
      "  -0.10086022  0.01221077]\n",
      " [ 0.01349761 -0.09583379 -0.05297713 -0.24686912  0.07495507 -0.10086022\n",
      "   2.         -0.17915752]\n",
      " [-0.03215592 -0.12072797 -0.21141942  0.09585019  0.21623856  0.01221077\n",
      "  -0.17915752  2.        ]]\n",
      "b: [[  9.51737705]\n",
      " [-19.69695174]\n",
      " [  7.48533068]\n",
      " [-10.83958033]\n",
      " [ 30.95212822]\n",
      " [ 15.92952623]\n",
      " [ -2.18109632]\n",
      " [ 13.96204026]]\n",
      "p type: int64\n",
      "alg. converged\n",
      "start, end: 2.730474 2.758941\n",
      "xibb: [[  0.        ]\n",
      " [ 11.46914367]\n",
      " [  0.        ]\n",
      " [  5.42358359]\n",
      " [-15.77836109]\n",
      " [ -6.94175035]\n",
      " [  0.        ]\n",
      " [  0.        ]]\n",
      "fibb: 10080.514197531118\n",
      "CPU ibb: 0.02846700000000002\n",
      "ipiv0: [4 6 2 0 1 3 5 7]\n",
      "ipiv1: []\n",
      "npiv0, npiv00: 8 8\n",
      "alg. converged\n",
      "start, end: 2.759022 2.780329\n",
      "xibbef: [[  0.        ]\n",
      " [ 11.46914367]\n",
      " [  0.        ]\n",
      " [  5.42358359]\n",
      " [-15.77836109]\n",
      " [ -6.94175035]\n",
      " [  0.        ]\n",
      " [  0.        ]]\n",
      "fibbef: 10080.514197531118\n",
      "CPU ibbef: 0.021307000000000187\n",
      "obj: 9.517377047885628 <gurobi.Var *Awaiting Model Update*> + -19.696951737352293 <gurobi.Var *Awaiting Model Update*> + 7.485330679310656 <gurobi.Var *Awaiting Model Update*> + -10.839580326909285 <gurobi.Var *Awaiting Model Update*> + 30.95212822126049 <gurobi.Var *Awaiting Model Update*> + 15.929526231147499 <gurobi.Var *Awaiting Model Update*> + -2.1810963150266818 <gurobi.Var *Awaiting Model Update*> + 13.962040261412819 <gurobi.Var *Awaiting Model Update*> + [ <gurobi.Var *Awaiting Model Update*> ^ 2 + -0.05852556046846725 <gurobi.Var *Awaiting Model Update*> * <gurobi.Var *Awaiting Model Update*> + 0.034666360248994284 <gurobi.Var *Awaiting Model Update*> * <gurobi.Var *Awaiting Model Update*> + -0.04969785649939759 <gurobi.Var *Awaiting Model Update*> * <gurobi.Var *Awaiting Model Update*> + -0.09898080855365746 <gurobi.Var *Awaiting Model Update*> * <gurobi.Var *Awaiting Model Update*> + 0.06492743818978142 <gurobi.Var *Awaiting Model Update*> * <gurobi.Var *Awaiting Model Update*> + 0.006748804965806328 <gurobi.Var *Awaiting Model Update*> * <gurobi.Var *Awaiting Model Update*> + -0.016077958363393194 <gurobi.Var *Awaiting Model Update*> * <gurobi.Var *Awaiting Model Update*> + -0.05852556046846725 <gurobi.Var *Awaiting Model Update*> * <gurobi.Var *Awaiting Model Update*> + 1.0000000000000002 <gurobi.Var *Awaiting Model Update*> ^ 2 + 0.036532364802681724 <gurobi.Var *Awaiting Model Update*> * <gurobi.Var *Awaiting Model Update*> + -0.014105843909134793 <gurobi.Var *Awaiting Model Update*> * <gurobi.Var *Awaiting Model Update*> + 0.09152214136871267 <gurobi.Var *Awaiting Model Update*> * <gurobi.Var *Awaiting Model Update*> + 0.014419155949095867 <gurobi.Var *Awaiting Model Update*> * <gurobi.Var *Awaiting Model Update*> + -0.04791689604555112 <gurobi.Var *Awaiting Model Update*> * <gurobi.Var *Awaiting Model Update*> + -0.060363986718015544 <gurobi.Var *Awaiting Model Update*> * <gurobi.Var *Awaiting Model Update*> + 0.034666360248994284 <gurobi.Var *Awaiting Model Update*> * <gurobi.Var *Awaiting Model Update*> + 0.036532364802681724 <gurobi.Var *Awaiting Model Update*> * <gurobi.Var *Awaiting Model Update*> + 0.9999999999999993 <gurobi.Var *Awaiting Model Update*> ^ 2 + 0.04853905242832339 <gurobi.Var *Awaiting Model Update*> * <gurobi.Var *Awaiting Model Update*> + -0.026664575531585334 <gurobi.Var *Awaiting Model Update*> * <gurobi.Var *Awaiting Model Update*> + -0.0640968748816141 <gurobi.Var *Awaiting Model Update*> * <gurobi.Var *Awaiting Model Update*> + -0.026488565143130985 <gurobi.Var *Awaiting Model Update*> * <gurobi.Var *Awaiting Model Update*> + -0.10570971122058853 <gurobi.Var *Awaiting Model Update*> * <gurobi.Var *Awaiting Model Update*> + -0.04969785649939759 <gurobi.Var *Awaiting Model Update*> * <gurobi.Var *Awaiting Model Update*> + -0.014105843909134793 <gurobi.Var *Awaiting Model Update*> * <gurobi.Var *Awaiting Model Update*> + 0.04853905242832339 <gurobi.Var *Awaiting Model Update*> * <gurobi.Var *Awaiting Model Update*> + 0.9999999999999998 <gurobi.Var *Awaiting Model Update*> ^ 2 + -0.025707538874918202 <gurobi.Var *Awaiting Model Update*> * <gurobi.Var *Awaiting Model Update*> + 0.03567318029684835 <gurobi.Var *Awaiting Model Update*> * <gurobi.Var *Awaiting Model Update*> + -0.12343456142458537 <gurobi.Var *Awaiting Model Update*> * <gurobi.Var *Awaiting Model Update*> + 0.04792509414798406 <gurobi.Var *Awaiting Model Update*> * <gurobi.Var *Awaiting Model Update*> + -0.09898080855365746 <gurobi.Var *Awaiting Model Update*> * <gurobi.Var *Awaiting Model Update*> + 0.09152214136871267 <gurobi.Var *Awaiting Model Update*> * <gurobi.Var *Awaiting Model Update*> + -0.026664575531585334 <gurobi.Var *Awaiting Model Update*> * <gurobi.Var *Awaiting Model Update*> + -0.025707538874918202 <gurobi.Var *Awaiting Model Update*> * <gurobi.Var *Awaiting Model Update*> + 0.9999999999999991 <gurobi.Var *Awaiting Model Update*> ^ 2 + 0.08757973069151372 <gurobi.Var *Awaiting Model Update*> * <gurobi.Var *Awaiting Model Update*> + 0.0374775327432419 <gurobi.Var *Awaiting Model Update*> * <gurobi.Var *Awaiting Model Update*> + 0.10811927777086626 <gurobi.Var *Awaiting Model Update*> * <gurobi.Var *Awaiting Model Update*> + 0.06492743818978142 <gurobi.Var *Awaiting Model Update*> * <gurobi.Var *Awaiting Model Update*> + 0.014419155949095867 <gurobi.Var *Awaiting Model Update*> * <gurobi.Var *Awaiting Model Update*> + -0.0640968748816141 <gurobi.Var *Awaiting Model Update*> * <gurobi.Var *Awaiting Model Update*> + 0.03567318029684835 <gurobi.Var *Awaiting Model Update*> * <gurobi.Var *Awaiting Model Update*> + 0.08757973069151372 <gurobi.Var *Awaiting Model Update*> * <gurobi.Var *Awaiting Model Update*> + 1.0000000000000004 <gurobi.Var *Awaiting Model Update*> ^ 2 + -0.05043011060170002 <gurobi.Var *Awaiting Model Update*> * <gurobi.Var *Awaiting Model Update*> + 0.006105386108217814 <gurobi.Var *Awaiting Model Update*> * <gurobi.Var *Awaiting Model Update*> + 0.006748804965806328 <gurobi.Var *Awaiting Model Update*> * <gurobi.Var *Awaiting Model Update*> + -0.04791689604555112 <gurobi.Var *Awaiting Model Update*> * <gurobi.Var *Awaiting Model Update*> + -0.026488565143130985 <gurobi.Var *Awaiting Model Update*> * <gurobi.Var *Awaiting Model Update*> + -0.12343456142458537 <gurobi.Var *Awaiting Model Update*> * <gurobi.Var *Awaiting Model Update*> + 0.0374775327432419 <gurobi.Var *Awaiting Model Update*> * <gurobi.Var *Awaiting Model Update*> + -0.05043011060170002 <gurobi.Var *Awaiting Model Update*> * <gurobi.Var *Awaiting Model Update*> + 0.9999999999999993 <gurobi.Var *Awaiting Model Update*> ^ 2 + -0.08957876230850663 <gurobi.Var *Awaiting Model Update*> * <gurobi.Var *Awaiting Model Update*> + -0.016077958363393194 <gurobi.Var *Awaiting Model Update*> * <gurobi.Var *Awaiting Model Update*> + -0.060363986718015544 <gurobi.Var *Awaiting Model Update*> * <gurobi.Var *Awaiting Model Update*> + -0.10570971122058853 <gurobi.Var *Awaiting Model Update*> * <gurobi.Var *Awaiting Model Update*> + 0.04792509414798406 <gurobi.Var *Awaiting Model Update*> * <gurobi.Var *Awaiting Model Update*> + 0.10811927777086626 <gurobi.Var *Awaiting Model Update*> * <gurobi.Var *Awaiting Model Update*> + 0.006105386108217814 <gurobi.Var *Awaiting Model Update*> * <gurobi.Var *Awaiting Model Update*> + -0.08957876230850663 <gurobi.Var *Awaiting Model Update*> * <gurobi.Var *Awaiting Model Update*> + <gurobi.Var *Awaiting Model Update*> ^ 2 ]\n",
      "xmio: [0.0, 11.469143667046481, 0.0, 5.423583594494695, -15.778361086652998, -6.941750347410384, 0.0, 0.0]\n",
      "bx: [[-883.64918904]]\n",
      "xAx: [[883.64918904]]\n",
      "fxout: [[10080.51419753]]\n",
      "xmio: [[  0.        ]\n",
      " [ 11.46914367]\n",
      " [  0.        ]\n",
      " [  5.42358359]\n",
      " [-15.77836109]\n",
      " [ -6.94175035]\n",
      " [  0.        ]\n",
      " [  0.        ]]\n",
      "fmio: 10080.514197531122\n",
      "CPU mio: 0.015865999999999936\n",
      "10080.514197531118 0.02846700000000002 0.0 [  0.          11.46914367   0.           5.42358359 -15.77836109\n",
      "  -6.94175035   0.           0.        ]\n",
      "x0,fx0: [[ 0.        ]\n",
      " [ 0.        ]\n",
      " [-6.92791254]\n",
      " [ 0.        ]\n",
      " [ 0.        ]\n",
      " [ 0.        ]\n",
      " [ 0.        ]\n",
      " [ 0.        ]\n",
      " [ 9.35833506]\n",
      " [ 0.        ]] 12519.258832602382\n",
      "A: [[ 2.         -0.07732741 -0.20105054  0.11362958 -0.11978732  0.02045525\n",
      "   0.13880219  0.27611159 -0.12607115 -0.07477473]\n",
      " [-0.07732741  2.         -0.12991392  0.02756628  0.28428375  0.0437711\n",
      "  -0.03370972  0.05957874  0.16500783 -0.00408383]\n",
      " [-0.20105054 -0.12991392  2.          0.13750614  0.04793863  0.17989985\n",
      "  -0.16216552 -0.03123753 -0.16342441  0.03335935]\n",
      " [ 0.11362958  0.02756628  0.13750614  2.          0.01633303  0.0603213\n",
      "  -0.00765312 -0.01026859 -0.03150157 -0.11574714]\n",
      " [-0.11978732  0.28428375  0.04793863  0.01633303  2.          0.04722287\n",
      "   0.04740017 -0.07031558 -0.0344646  -0.20818007]\n",
      " [ 0.02045525  0.0437711   0.17989985  0.0603213   0.04722287  2.\n",
      "  -0.21845158  0.1463185  -0.01491171  0.13271156]\n",
      " [ 0.13880219 -0.03370972 -0.16216552 -0.00765312  0.04740017 -0.21845158\n",
      "   2.         -0.30142235  0.01985474 -0.16020939]\n",
      " [ 0.27611159  0.05957874 -0.03123753 -0.01026859 -0.07031558  0.1463185\n",
      "  -0.30142235  2.         -0.15251396  0.04143936]\n",
      " [-0.12607115  0.16500783 -0.16342441 -0.03150157 -0.0344646  -0.01491171\n",
      "   0.01985474 -0.15251396  2.          0.02833658]\n",
      " [-0.07477473 -0.00408383  0.03335935 -0.11574714 -0.20818007  0.13271156\n",
      "  -0.16020939  0.04143936  0.02833658  2.        ]]\n",
      "b: [[ 11.08191432]\n",
      " [ -0.11163909]\n",
      " [ 15.3852055 ]\n",
      " [ 11.30713864]\n",
      " [ -2.77523447]\n",
      " [-10.25316059]\n",
      " [-11.52396278]\n",
      " [ 13.47420812]\n",
      " [-19.84886016]\n",
      " [-11.90857337]]\n",
      "p type: int64\n",
      "alg. converged\n",
      "start, end: 2.799684 2.847101\n",
      "xibb: [[ 0.        ]\n",
      " [ 0.        ]\n",
      " [-6.92791254]\n",
      " [ 0.        ]\n",
      " [ 0.        ]\n",
      " [ 0.        ]\n",
      " [ 0.        ]\n",
      " [ 0.        ]\n",
      " [ 9.35833506]\n",
      " [ 0.        ]]\n",
      "fibb: 12519.25883260238\n",
      "CPU ibb: 0.04741699999999982\n",
      "ipiv0: [7 2 4 3 8 9 5 1 6 0]\n",
      "ipiv1: []\n",
      "npiv0, npiv00: 10 10\n",
      "alg. converged\n",
      "start, end: 2.847181 2.863889\n",
      "xibbef: [[ 0.        ]\n",
      " [ 0.        ]\n",
      " [-6.92791254]\n",
      " [ 0.        ]\n",
      " [ 0.        ]\n",
      " [ 0.        ]\n",
      " [ 0.        ]\n",
      " [ 0.        ]\n",
      " [ 9.35833506]\n",
      " [ 0.        ]]\n",
      "fibbef: 12519.25883260238\n",
      "CPU ibbef: 0.016707999999999945\n",
      "obj: 11.08191431506115 <gurobi.Var *Awaiting Model Update*> + -0.11163908653018688 <gurobi.Var *Awaiting Model Update*> + 15.38520550488436 <gurobi.Var *Awaiting Model Update*> + 11.307138635304534 <gurobi.Var *Awaiting Model Update*> + -2.775234472990378 <gurobi.Var *Awaiting Model Update*> + -10.25316058589659 <gurobi.Var *Awaiting Model Update*> + -11.523962779327851 <gurobi.Var *Awaiting Model Update*> + 13.474208122425953 <gurobi.Var *Awaiting Model Update*> + -19.848860164470334 <gurobi.Var *Awaiting Model Update*> + -11.908573369296608 <gurobi.Var *Awaiting Model Update*> + [ 0.9999999999999997 <gurobi.Var *Awaiting Model Update*> ^ 2 + -0.03866370702932345 <gurobi.Var *Awaiting Model Update*> * <gurobi.Var *Awaiting Model Update*> + -0.10052526849843482 <gurobi.Var *Awaiting Model Update*> * <gurobi.Var *Awaiting Model Update*> + 0.05681478788472228 <gurobi.Var *Awaiting Model Update*> * <gurobi.Var *Awaiting Model Update*> + -0.059893659714412566 <gurobi.Var *Awaiting Model Update*> * <gurobi.Var *Awaiting Model Update*> + 0.010227623259417333 <gurobi.Var *Awaiting Model Update*> * <gurobi.Var *Awaiting Model Update*> + 0.06940109448078757 <gurobi.Var *Awaiting Model Update*> * <gurobi.Var *Awaiting Model Update*> + 0.13805579302511048 <gurobi.Var *Awaiting Model Update*> * <gurobi.Var *Awaiting Model Update*> + -0.0630355738031458 <gurobi.Var *Awaiting Model Update*> * <gurobi.Var *Awaiting Model Update*> + -0.03738736406995361 <gurobi.Var *Awaiting Model Update*> * <gurobi.Var *Awaiting Model Update*> + -0.03866370702932345 <gurobi.Var *Awaiting Model Update*> * <gurobi.Var *Awaiting Model Update*> + 1.0000000000000002 <gurobi.Var *Awaiting Model Update*> ^ 2 + -0.06495695981318536 <gurobi.Var *Awaiting Model Update*> * <gurobi.Var *Awaiting Model Update*> + 0.01378314241924905 <gurobi.Var *Awaiting Model Update*> * <gurobi.Var *Awaiting Model Update*> + 0.1421418767750641 <gurobi.Var *Awaiting Model Update*> * <gurobi.Var *Awaiting Model Update*> + 0.021885551589970853 <gurobi.Var *Awaiting Model Update*> * <gurobi.Var *Awaiting Model Update*> + -0.016854861564103672 <gurobi.Var *Awaiting Model Update*> * <gurobi.Var *Awaiting Model Update*> + 0.029789368860280867 <gurobi.Var *Awaiting Model Update*> * <gurobi.Var *Awaiting Model Update*> + 0.08250391746856398 <gurobi.Var *Awaiting Model Update*> * <gurobi.Var *Awaiting Model Update*> + -0.0020419137338770557 <gurobi.Var *Awaiting Model Update*> * <gurobi.Var *Awaiting Model Update*> + -0.10052526849843482 <gurobi.Var *Awaiting Model Update*> * <gurobi.Var *Awaiting Model Update*> + -0.06495695981318536 <gurobi.Var *Awaiting Model Update*> * <gurobi.Var *Awaiting Model Update*> + 0.9999999999999996 <gurobi.Var *Awaiting Model Update*> ^ 2 + 0.06875306817761535 <gurobi.Var *Awaiting Model Update*> * <gurobi.Var *Awaiting Model Update*> + 0.023969314542122703 <gurobi.Var *Awaiting Model Update*> * <gurobi.Var *Awaiting Model Update*> + 0.08994992358245481 <gurobi.Var *Awaiting Model Update*> * <gurobi.Var *Awaiting Model Update*> + -0.08108276131826767 <gurobi.Var *Awaiting Model Update*> * <gurobi.Var *Awaiting Model Update*> + -0.015618766740703022 <gurobi.Var *Awaiting Model Update*> * <gurobi.Var *Awaiting Model Update*> + -0.08171220707292276 <gurobi.Var *Awaiting Model Update*> * <gurobi.Var *Awaiting Model Update*> + 0.016679676403547904 <gurobi.Var *Awaiting Model Update*> * <gurobi.Var *Awaiting Model Update*> + 0.05681478788472228 <gurobi.Var *Awaiting Model Update*> * <gurobi.Var *Awaiting Model Update*> + 0.01378314241924905 <gurobi.Var *Awaiting Model Update*> * <gurobi.Var *Awaiting Model Update*> + 0.06875306817761535 <gurobi.Var *Awaiting Model Update*> * <gurobi.Var *Awaiting Model Update*> + 0.9999999999999998 <gurobi.Var *Awaiting Model Update*> ^ 2 + 0.008166516272527104 <gurobi.Var *Awaiting Model Update*> * <gurobi.Var *Awaiting Model Update*> + 0.030160648620103404 <gurobi.Var *Awaiting Model Update*> * <gurobi.Var *Awaiting Model Update*> + -0.0038265612037009997 <gurobi.Var *Awaiting Model Update*> * <gurobi.Var *Awaiting Model Update*> + -0.005134296057052588 <gurobi.Var *Awaiting Model Update*> * <gurobi.Var *Awaiting Model Update*> + -0.015750786667660964 <gurobi.Var *Awaiting Model Update*> * <gurobi.Var *Awaiting Model Update*> + -0.057873570003373065 <gurobi.Var *Awaiting Model Update*> * <gurobi.Var *Awaiting Model Update*> + -0.059893659714412566 <gurobi.Var *Awaiting Model Update*> * <gurobi.Var *Awaiting Model Update*> + 0.1421418767750641 <gurobi.Var *Awaiting Model Update*> * <gurobi.Var *Awaiting Model Update*> + 0.023969314542122703 <gurobi.Var *Awaiting Model Update*> * <gurobi.Var *Awaiting Model Update*> + 0.008166516272527104 <gurobi.Var *Awaiting Model Update*> * <gurobi.Var *Awaiting Model Update*> + 0.9999999999999998 <gurobi.Var *Awaiting Model Update*> ^ 2 + 0.02361143353551616 <gurobi.Var *Awaiting Model Update*> * <gurobi.Var *Awaiting Model Update*> + 0.023700085781699222 <gurobi.Var *Awaiting Model Update*> * <gurobi.Var *Awaiting Model Update*> + -0.03515778785698826 <gurobi.Var *Awaiting Model Update*> * <gurobi.Var *Awaiting Model Update*> + -0.017232298639847873 <gurobi.Var *Awaiting Model Update*> * <gurobi.Var *Awaiting Model Update*> + -0.1040900342693507 <gurobi.Var *Awaiting Model Update*> * <gurobi.Var *Awaiting Model Update*> + 0.010227623259417333 <gurobi.Var *Awaiting Model Update*> * <gurobi.Var *Awaiting Model Update*> + 0.021885551589970853 <gurobi.Var *Awaiting Model Update*> * <gurobi.Var *Awaiting Model Update*> + 0.08994992358245481 <gurobi.Var *Awaiting Model Update*> * <gurobi.Var *Awaiting Model Update*> + 0.030160648620103404 <gurobi.Var *Awaiting Model Update*> * <gurobi.Var *Awaiting Model Update*> + 0.02361143353551616 <gurobi.Var *Awaiting Model Update*> * <gurobi.Var *Awaiting Model Update*> + 0.9999999999999996 <gurobi.Var *Awaiting Model Update*> ^ 2 + -0.10922579221367232 <gurobi.Var *Awaiting Model Update*> * <gurobi.Var *Awaiting Model Update*> + 0.07315924955171992 <gurobi.Var *Awaiting Model Update*> * <gurobi.Var *Awaiting Model Update*> + -0.007455852801959081 <gurobi.Var *Awaiting Model Update*> * <gurobi.Var *Awaiting Model Update*> + 0.066355778265201 <gurobi.Var *Awaiting Model Update*> * <gurobi.Var *Awaiting Model Update*> + 0.06940109448078757 <gurobi.Var *Awaiting Model Update*> * <gurobi.Var *Awaiting Model Update*> + -0.016854861564103672 <gurobi.Var *Awaiting Model Update*> * <gurobi.Var *Awaiting Model Update*> + -0.08108276131826767 <gurobi.Var *Awaiting Model Update*> * <gurobi.Var *Awaiting Model Update*> + -0.0038265612037009997 <gurobi.Var *Awaiting Model Update*> * <gurobi.Var *Awaiting Model Update*> + 0.023700085781699222 <gurobi.Var *Awaiting Model Update*> * <gurobi.Var *Awaiting Model Update*> + -0.10922579221367232 <gurobi.Var *Awaiting Model Update*> * <gurobi.Var *Awaiting Model Update*> + <gurobi.Var *Awaiting Model Update*> ^ 2 + -0.15071117493089023 <gurobi.Var *Awaiting Model Update*> * <gurobi.Var *Awaiting Model Update*> + 0.009927370476474955 <gurobi.Var *Awaiting Model Update*> * <gurobi.Var *Awaiting Model Update*> + -0.08010469743142935 <gurobi.Var *Awaiting Model Update*> * <gurobi.Var *Awaiting Model Update*> + 0.13805579302511048 <gurobi.Var *Awaiting Model Update*> * <gurobi.Var *Awaiting Model Update*> + 0.029789368860280867 <gurobi.Var *Awaiting Model Update*> * <gurobi.Var *Awaiting Model Update*> + -0.015618766740703022 <gurobi.Var *Awaiting Model Update*> * <gurobi.Var *Awaiting Model Update*> + -0.005134296057052588 <gurobi.Var *Awaiting Model Update*> * <gurobi.Var *Awaiting Model Update*> + -0.03515778785698826 <gurobi.Var *Awaiting Model Update*> * <gurobi.Var *Awaiting Model Update*> + 0.07315924955171992 <gurobi.Var *Awaiting Model Update*> * <gurobi.Var *Awaiting Model Update*> + -0.15071117493089023 <gurobi.Var *Awaiting Model Update*> * <gurobi.Var *Awaiting Model Update*> + 0.9999999999999994 <gurobi.Var *Awaiting Model Update*> ^ 2 + -0.07625698123515812 <gurobi.Var *Awaiting Model Update*> * <gurobi.Var *Awaiting Model Update*> + 0.02071968025631578 <gurobi.Var *Awaiting Model Update*> * <gurobi.Var *Awaiting Model Update*> + -0.0630355738031458 <gurobi.Var *Awaiting Model Update*> * <gurobi.Var *Awaiting Model Update*> + 0.08250391746856398 <gurobi.Var *Awaiting Model Update*> * <gurobi.Var *Awaiting Model Update*> + -0.08171220707292276 <gurobi.Var *Awaiting Model Update*> * <gurobi.Var *Awaiting Model Update*> + -0.015750786667660964 <gurobi.Var *Awaiting Model Update*> * <gurobi.Var *Awaiting Model Update*> + -0.017232298639847873 <gurobi.Var *Awaiting Model Update*> * <gurobi.Var *Awaiting Model Update*> + -0.007455852801959081 <gurobi.Var *Awaiting Model Update*> * <gurobi.Var *Awaiting Model Update*> + 0.009927370476474955 <gurobi.Var *Awaiting Model Update*> * <gurobi.Var *Awaiting Model Update*> + -0.07625698123515812 <gurobi.Var *Awaiting Model Update*> * <gurobi.Var *Awaiting Model Update*> + 1.0000000000000004 <gurobi.Var *Awaiting Model Update*> ^ 2 + 0.014168288452251916 <gurobi.Var *Awaiting Model Update*> * <gurobi.Var *Awaiting Model Update*> + -0.03738736406995361 <gurobi.Var *Awaiting Model Update*> * <gurobi.Var *Awaiting Model Update*> + -0.0020419137338770557 <gurobi.Var *Awaiting Model Update*> * <gurobi.Var *Awaiting Model Update*> + 0.016679676403547904 <gurobi.Var *Awaiting Model Update*> * <gurobi.Var *Awaiting Model Update*> + -0.057873570003373065 <gurobi.Var *Awaiting Model Update*> * <gurobi.Var *Awaiting Model Update*> + -0.1040900342693507 <gurobi.Var *Awaiting Model Update*> * <gurobi.Var *Awaiting Model Update*> + 0.066355778265201 <gurobi.Var *Awaiting Model Update*> * <gurobi.Var *Awaiting Model Update*> + -0.08010469743142935 <gurobi.Var *Awaiting Model Update*> * <gurobi.Var *Awaiting Model Update*> + 0.02071968025631578 <gurobi.Var *Awaiting Model Update*> * <gurobi.Var *Awaiting Model Update*> + 0.014168288452251916 <gurobi.Var *Awaiting Model Update*> * <gurobi.Var *Awaiting Model Update*> + 1.0000000000000002 <gurobi.Var *Awaiting Model Update*> ^ 2 ]\n",
      "xmio: [0.0, 0.0, -6.927912540312177, 0.0, 0.0, 0.0, 0.0, 0.0, 9.358335058158076, 0.0]\n",
      "bx: [[-292.33964209]]\n",
      "xAx: [[292.33964209]]\n",
      "fxout: [[12519.2588326]]\n",
      "xmio: [[ 0.        ]\n",
      " [ 0.        ]\n",
      " [-6.92791254]\n",
      " [ 0.        ]\n",
      " [ 0.        ]\n",
      " [ 0.        ]\n",
      " [ 0.        ]\n",
      " [ 0.        ]\n",
      " [ 9.35833506]\n",
      " [ 0.        ]]\n",
      "fmio: 12519.25883260238\n",
      "CPU mio: 0.024376000000000175\n",
      "12519.25883260238 0.04741699999999982 0.0 [ 0.          0.         -6.92791254  0.          0.          0.\n",
      "  0.          0.          9.35833506  0.        ]\n",
      "x0,fx0: [[ 0.        ]\n",
      " [ 0.        ]\n",
      " [-7.04018455]\n",
      " [ 0.        ]\n",
      " [ 0.        ]\n",
      " [ 6.46347047]\n",
      " [ 5.80440252]\n",
      " [ 0.        ]\n",
      " [ 9.33972929]\n",
      " [ 0.        ]] 12451.999460655845\n",
      "A: [[ 2.         -0.07732741 -0.20105054  0.11362958 -0.11978732  0.02045525\n",
      "   0.13880219  0.27611159 -0.12607115 -0.07477473]\n",
      " [-0.07732741  2.         -0.12991392  0.02756628  0.28428375  0.0437711\n",
      "  -0.03370972  0.05957874  0.16500783 -0.00408383]\n",
      " [-0.20105054 -0.12991392  2.          0.13750614  0.04793863  0.17989985\n",
      "  -0.16216552 -0.03123753 -0.16342441  0.03335935]\n",
      " [ 0.11362958  0.02756628  0.13750614  2.          0.01633303  0.0603213\n",
      "  -0.00765312 -0.01026859 -0.03150157 -0.11574714]\n",
      " [-0.11978732  0.28428375  0.04793863  0.01633303  2.          0.04722287\n",
      "   0.04740017 -0.07031558 -0.0344646  -0.20818007]\n",
      " [ 0.02045525  0.0437711   0.17989985  0.0603213   0.04722287  2.\n",
      "  -0.21845158  0.1463185  -0.01491171  0.13271156]\n",
      " [ 0.13880219 -0.03370972 -0.16216552 -0.00765312  0.04740017 -0.21845158\n",
      "   2.         -0.30142235  0.01985474 -0.16020939]\n",
      " [ 0.27611159  0.05957874 -0.03123753 -0.01026859 -0.07031558  0.1463185\n",
      "  -0.30142235  2.         -0.15251396  0.04143936]\n",
      " [-0.12607115  0.16500783 -0.16342441 -0.03150157 -0.0344646  -0.01491171\n",
      "   0.01985474 -0.15251396  2.          0.02833658]\n",
      " [-0.07477473 -0.00408383  0.03335935 -0.11574714 -0.20818007  0.13271156\n",
      "  -0.16020939  0.04143936  0.02833658  2.        ]]\n",
      "b: [[ 11.08191432]\n",
      " [ -0.11163909]\n",
      " [ 15.3852055 ]\n",
      " [ 11.30713864]\n",
      " [ -2.77523447]\n",
      " [-10.25316059]\n",
      " [-11.52396278]\n",
      " [ 13.47420812]\n",
      " [-19.84886016]\n",
      " [-11.90857337]]\n",
      "p type: int64\n",
      "alg. converged\n",
      "start, end: 2.892082 2.966035\n",
      "xibb: [[ 0.        ]\n",
      " [ 0.        ]\n",
      " [-7.64677977]\n",
      " [ 0.        ]\n",
      " [ 0.        ]\n",
      " [ 6.36669539]\n",
      " [ 0.        ]\n",
      " [-6.64820124]\n",
      " [ 8.84009222]\n",
      " [ 0.        ]]\n",
      "fibb: 12441.443138688272\n",
      "CPU ibb: 0.07395300000000038\n",
      "ipiv0: [7 2 4 3 8 9 5 1 6 0]\n",
      "ipiv1: []\n",
      "npiv0, npiv00: 10 10\n",
      "alg. converged\n",
      "start, end: 2.966114 3.022263\n",
      "xibbef: [[ 0.        ]\n",
      " [ 0.        ]\n",
      " [-7.64677977]\n",
      " [ 0.        ]\n",
      " [ 0.        ]\n",
      " [ 6.36669539]\n",
      " [ 0.        ]\n",
      " [-6.64820124]\n",
      " [ 8.84009222]\n",
      " [ 0.        ]]\n",
      "fibbef: 12441.443138688272\n",
      "CPU ibbef: 0.056149000000000004\n",
