{
 "cells": [
  {
   "cell_type": "code",
   "execution_count": 1,
   "id": "9242d46e",
   "metadata": {},
   "outputs": [
    {
     "name": "stdout",
     "output_type": "stream",
     "text": [
      "x0,fx0: [[  0.        ]\n",
      " [ 28.24624783]\n",
      " [  0.        ]\n",
      " [  0.        ]\n",
      " [-16.4713788 ]\n",
      " [  0.        ]\n",
      " [  0.        ]\n",
      " [  0.        ]\n",
      " [  0.        ]\n",
      " [  0.        ]\n",
      " [  0.        ]\n",
      " [ 14.00487275]\n",
      " [ 12.38116877]\n",
      " [  0.        ]\n",
      " [  0.        ]\n",
      " [  0.        ]\n",
      " [  0.        ]\n",
      " [  0.        ]\n",
      " [  0.        ]\n",
      " [  0.        ]\n",
      " [-16.3311103 ]\n",
      " [  0.        ]\n",
      " [  0.        ]\n",
      " [  0.        ]\n",
      " [  0.        ]] 17405.801821090146\n",
      "A: [[ 2.00000000e+00  2.61850964e-01  1.11410653e-01  1.31256927e-01\n",
      "  -6.05231652e-02  6.55030001e-02  3.35277766e-01  4.42698574e-02\n",
      "  -9.66068734e-02 -6.75286311e-02 -1.08588838e-01  7.51927998e-02\n",
      "   3.15583735e-02  4.12115441e-02  1.30575194e-01  1.55353428e-02\n",
      "   6.56580289e-02  1.91011952e-01 -9.30952075e-02 -4.14442065e-02\n",
      "  -5.24433025e-02  2.79315326e-01 -8.39343299e-02  1.28870300e-01\n",
      "   5.19194329e-02]\n",
      " [ 2.61850964e-01  2.00000000e+00 -1.06104207e-01 -1.44396034e-01\n",
      "   2.50879035e-01 -1.40119958e-01  1.11362209e-01 -2.17076858e-01\n",
      "  -2.32471468e-01 -1.55389528e-01  1.25424174e-01  8.86600623e-02\n",
      "  -1.68465502e-01 -1.89037354e-01 -3.00618818e-01  1.63641195e-01\n",
      "  -9.32533406e-02 -2.60114834e-02  1.95371999e-02  6.16614977e-02\n",
      "  -1.40251508e-01  2.77285332e-01  9.47823349e-02  1.34096577e-01\n",
      "  -2.50544966e-02]\n",
      " [ 1.11410653e-01 -1.06104207e-01  2.00000000e+00  1.23416209e-01\n",
      "  -6.62361135e-04  1.21910863e-01  5.13162772e-02  3.47088313e-02\n",
      "  -5.40418989e-02  8.99836082e-02 -3.47737547e-02 -1.51592434e-01\n",
      "   1.58231424e-01 -2.22349040e-01  1.26353715e-01  1.10504416e-01\n",
      "   1.03857643e-01  1.54158694e-01 -1.08577468e-01 -1.13443241e-01\n",
      "  -1.59227031e-01 -2.21176144e-02 -1.21266901e-01 -1.97815421e-01\n",
      "   1.51419161e-02]\n",
      " [ 1.31256927e-01 -1.44396034e-01  1.23416209e-01  2.00000000e+00\n",
      "   1.64312103e-01  7.75577878e-02  9.23056424e-02 -8.72163499e-03\n",
      "   2.24709310e-01  1.91838623e-02 -1.67004202e-01  7.51840363e-02\n",
      "   5.12230718e-03  2.28684928e-01 -1.93849533e-01 -6.76366565e-02\n",
      "   2.32584305e-01 -1.48021447e-01  9.41150628e-02 -2.27402774e-01\n",
      "  -3.58353667e-01  6.16309662e-02  3.38580920e-02  3.95077464e-03\n",
      "   1.24337897e-01]\n",
      " [-6.05231652e-02  2.50879035e-01 -6.62361135e-04  1.64312103e-01\n",
      "   2.00000000e+00  6.13183379e-02 -7.32021358e-02 -2.24352276e-01\n",
      "   9.11301565e-02 -5.96435155e-02  1.41462717e-01  2.36452273e-02\n",
      "   1.21309053e-01 -7.78981867e-02 -1.61769294e-01  1.06624003e-02\n",
      "  -4.79270596e-02  6.24207111e-02 -1.43243542e-01 -4.39432819e-02\n",
      "  -8.77534672e-02 -1.44414368e-01  3.29219649e-01 -2.39116291e-01\n",
      "   8.03041310e-02]\n",
      " [ 6.55030001e-02 -1.40119958e-01  1.21910863e-01  7.75577878e-02\n",
      "   6.13183379e-02  2.00000000e+00  2.79860048e-03 -1.01161232e-01\n",
      "   1.13020356e-01 -1.83145805e-02  3.23043471e-02 -3.84490232e-02\n",
      "   1.42668968e-02 -2.93197332e-01  1.07096373e-01  1.26555848e-01\n",
      "   4.29580455e-02  6.51661214e-02  2.53145335e-01  1.19040359e-01\n",
      "   7.12288055e-02 -8.44049990e-02 -9.52824027e-02 -5.81776148e-02\n",
      "   7.16865706e-03]\n",
      " [ 3.35277766e-01  1.11362209e-01  5.13162772e-02  9.23056424e-02\n",
      "  -7.32021358e-02  2.79860048e-03  2.00000000e+00 -1.67649858e-01\n",
      "   9.46665672e-02 -6.87046748e-02 -1.08680824e-01  4.18458882e-02\n",
      "  -1.25197774e-01 -1.10150492e-01  8.06256588e-02 -1.93799904e-01\n",
      "   4.34871268e-02 -4.44812954e-02  1.67310543e-01 -3.19807165e-02\n",
      "   1.51891330e-01  1.47158344e-01 -2.79946111e-01 -1.04002662e-01\n",
      "  -1.74089240e-02]\n",
      " [ 4.42698574e-02 -2.17076858e-01  3.47088313e-02 -8.72163499e-03\n",
      "  -2.24352276e-01 -1.01161232e-01 -1.67649858e-01  2.00000000e+00\n",
      "   9.25726356e-02 -2.56038891e-01 -1.08619969e-01  3.58871285e-02\n",
      "   2.09382883e-01 -1.70324500e-01  4.05341095e-01  1.16751060e-01\n",
      "   2.79364485e-02 -5.79358665e-02 -4.25014116e-02 -1.13144419e-01\n",
      "  -1.49118213e-01  1.64852173e-02 -3.36674138e-01  1.65559451e-01\n",
      "   9.09100636e-02]\n",
      " [-9.66068734e-02 -2.32471468e-01 -5.40418989e-02  2.24709310e-01\n",
      "   9.11301565e-02  1.13020356e-01  9.46665672e-02  9.25726356e-02\n",
      "   2.00000000e+00  8.34719888e-03  8.07798402e-02 -8.10131915e-02\n",
      "  -3.44847433e-03 -8.26167685e-03  6.45799528e-02  8.79383189e-02\n",
      "   2.14596076e-01 -7.31193343e-02 -2.89090165e-01 -1.63823690e-01\n",
      "  -8.70735432e-02 -7.27397950e-02 -1.07115823e-01  1.76482554e-01\n",
      "   1.02211605e-01]\n",
      " [-6.75286311e-02 -1.55389528e-01  8.99836082e-02  1.91838623e-02\n",
      "  -5.96435155e-02 -1.83145805e-02 -6.87046748e-02 -2.56038891e-01\n",
      "   8.34719888e-03  2.00000000e+00  3.96299641e-02  1.15078852e-01\n",
      "  -5.53018298e-02  1.26921332e-01 -7.51388435e-02 -5.48156138e-02\n",
      "   1.36890733e-01  9.44782294e-02  5.38137385e-02 -1.38256008e-01\n",
      "  -4.92364604e-02  3.20155310e-03  2.12730142e-01 -1.39575261e-01\n",
      "  -3.93036722e-01]\n",
      " [-1.08588838e-01  1.25424174e-01 -3.47737547e-02 -1.67004202e-01\n",
      "   1.41462717e-01  3.23043471e-02 -1.08680824e-01 -1.08619969e-01\n",
      "   8.07798402e-02  3.96299641e-02  2.00000000e+00  8.27111960e-02\n",
      "  -1.95334684e-02  9.23792545e-02 -2.01181176e-01 -3.87162531e-02\n",
      "  -2.76630414e-02  8.00591494e-03  6.31364558e-02  1.83749996e-01\n",
      "   1.39475372e-01 -2.77430481e-01  2.21906140e-01  1.83746407e-02\n",
      "   5.24634940e-03]\n",
      " [ 7.51927998e-02  8.86600623e-02 -1.51592434e-01  7.51840363e-02\n",
      "   2.36452273e-02 -3.84490232e-02  4.18458882e-02  3.58871285e-02\n",
      "  -8.10131915e-02  1.15078852e-01  8.27111960e-02  2.00000000e+00\n",
      "  -1.34270857e-01  1.90654652e-02 -4.17825771e-02 -1.32925731e-01\n",
      "  -1.96609507e-01 -2.70277092e-02  3.64211589e-01  5.77002539e-02\n",
      "   1.68848974e-01 -1.62578001e-01  3.76053832e-02 -1.70846940e-02\n",
      "  -7.69765836e-03]\n",
      " [ 3.15583735e-02 -1.68465502e-01  1.58231424e-01  5.12230718e-03\n",
      "   1.21309053e-01  1.42668968e-02 -1.25197774e-01  2.09382883e-01\n",
      "  -3.44847433e-03 -5.53018298e-02 -1.95334684e-02 -1.34270857e-01\n",
      "   2.00000000e+00 -3.37340066e-02 -2.83314667e-02  1.68620855e-01\n",
      "  -1.96958991e-02 -7.34598590e-02  1.46313682e-01 -2.78994600e-01\n",
      "  -6.03185249e-02  1.18268996e-01  9.12231315e-02 -3.58118821e-01\n",
      "  -5.09463179e-02]\n",
      " [ 4.12115441e-02 -1.89037354e-01 -2.22349040e-01  2.28684928e-01\n",
      "  -7.78981867e-02 -2.93197332e-01 -1.10150492e-01 -1.70324500e-01\n",
      "  -8.26167685e-03  1.26921332e-01  9.23792545e-02  1.90654652e-02\n",
      "  -3.37340066e-02  2.00000000e+00  2.94094166e-02 -1.70569670e-01\n",
      "  -2.37513419e-01  1.65609304e-02 -1.88349760e-01  4.94650586e-03\n",
      "   1.59421238e-01  4.06467952e-02  1.48662764e-01  2.06388049e-01\n",
      "   1.27806661e-01]\n",
      " [ 1.30575194e-01 -3.00618818e-01  1.26353715e-01 -1.93849533e-01\n",
      "  -1.61769294e-01  1.07096373e-01  8.06256588e-02  4.05341095e-01\n",
      "   6.45799528e-02 -7.51388435e-02 -2.01181176e-01 -4.17825771e-02\n",
      "  -2.83314667e-02  2.94094166e-02  2.00000000e+00 -9.07039414e-02\n",
      "  -1.28148111e-01  1.78478434e-01 -1.28500631e-01 -5.05999873e-02\n",
      "   9.25893377e-03  1.46057350e-01 -1.42890169e-01  1.33316246e-01\n",
      "   2.10427284e-01]\n",
      " [ 1.55353428e-02  1.63641195e-01  1.10504416e-01 -6.76366565e-02\n",
      "   1.06624003e-02  1.26555848e-01 -1.93799904e-01  1.16751060e-01\n",
      "   8.79383189e-02 -5.48156138e-02 -3.87162531e-02 -1.32925731e-01\n",
      "   1.68620855e-01 -1.70569670e-01 -9.07039414e-02  2.00000000e+00\n",
      "   1.08753253e-01  9.02348666e-02  1.32830873e-01  6.59062962e-02\n",
      "  -1.81225469e-01  2.28697027e-01 -1.39190115e-01 -2.09010390e-02\n",
      "  -3.10018284e-02]\n",
      " [ 6.56580289e-02 -9.32533406e-02  1.03857643e-01  2.32584305e-01\n",
      "  -4.79270596e-02  4.29580455e-02  4.34871268e-02  2.79364485e-02\n",
      "   2.14596076e-01  1.36890733e-01 -2.76630414e-02 -1.96609507e-01\n",
      "  -1.96958991e-02 -2.37513419e-01 -1.28148111e-01  1.08753253e-01\n",
      "   2.00000000e+00  6.71809520e-02 -8.38925334e-03 -5.27891244e-02\n",
      "   9.60765582e-02  1.41043551e-03  2.52005690e-01  1.28508814e-01\n",
      "  -5.28817752e-02]\n",
      " [ 1.91011952e-01 -2.60114834e-02  1.54158694e-01 -1.48021447e-01\n",
      "   6.24207111e-02  6.51661214e-02 -4.44812954e-02 -5.79358665e-02\n",
      "  -7.31193343e-02  9.44782294e-02  8.00591494e-03 -2.70277092e-02\n",
      "  -7.34598590e-02  1.65609304e-02  1.78478434e-01  9.02348666e-02\n",
      "   6.71809520e-02  2.00000000e+00 -1.14297270e-01  1.24613326e-01\n",
      "  -4.34375450e-02  6.66663850e-03  2.60997439e-02 -1.01232749e-01\n",
      "  -1.07709869e-01]\n",
      " [-9.30952075e-02  1.95371999e-02 -1.08577468e-01  9.41150628e-02\n",
      "  -1.43243542e-01  2.53145335e-01  1.67310543e-01 -4.25014116e-02\n",
      "  -2.89090165e-01  5.38137385e-02  6.31364558e-02  3.64211589e-01\n",
      "   1.46313682e-01 -1.88349760e-01 -1.28500631e-01  1.32830873e-01\n",
      "  -8.38925334e-03 -1.14297270e-01  2.00000000e+00  9.03492892e-02\n",
      "   8.36106540e-02 -6.38092043e-02 -1.36102185e-01 -4.94615254e-02\n",
      "  -1.90782268e-01]\n",
      " [-4.14442065e-02  6.16614977e-02 -1.13443241e-01 -2.27402774e-01\n",
      "  -4.39432819e-02  1.19040359e-01 -3.19807165e-02 -1.13144419e-01\n",
      "  -1.63823690e-01 -1.38256008e-01  1.83749996e-01  5.77002539e-02\n",
      "  -2.78994600e-01  4.94650586e-03 -5.05999873e-02  6.59062962e-02\n",
      "  -5.27891244e-02  1.24613326e-01  9.03492892e-02  2.00000000e+00\n",
      "   1.21867674e-01  1.10436961e-01 -1.89949656e-01  4.19874100e-02\n",
      "   1.20125816e-01]\n",
      " [-5.24433025e-02 -1.40251508e-01 -1.59227031e-01 -3.58353667e-01\n",
      "  -8.77534672e-02  7.12288055e-02  1.51891330e-01 -1.49118213e-01\n",
      "  -8.70735432e-02 -4.92364604e-02  1.39475372e-01  1.68848974e-01\n",
      "  -6.03185249e-02  1.59421238e-01  9.25893377e-03 -1.81225469e-01\n",
      "   9.60765582e-02 -4.34375450e-02  8.36106540e-02  1.21867674e-01\n",
      "   2.00000000e+00 -1.22418308e-01 -3.66227594e-03 -9.39278268e-02\n",
      "  -5.50574586e-02]\n",
      " [ 2.79315326e-01  2.77285332e-01 -2.21176144e-02  6.16309662e-02\n",
      "  -1.44414368e-01 -8.44049990e-02  1.47158344e-01  1.64852173e-02\n",
      "  -7.27397950e-02  3.20155310e-03 -2.77430481e-01 -1.62578001e-01\n",
      "   1.18268996e-01  4.06467952e-02  1.46057350e-01  2.28697027e-01\n",
      "   1.41043551e-03  6.66663850e-03 -6.38092043e-02  1.10436961e-01\n",
      "  -1.22418308e-01  2.00000000e+00 -1.44235761e-01  5.29485076e-02\n",
      "  -5.34177049e-02]\n",
      " [-8.39343299e-02  9.47823349e-02 -1.21266901e-01  3.38580920e-02\n",
      "   3.29219649e-01 -9.52824027e-02 -2.79946111e-01 -3.36674138e-01\n",
      "  -1.07115823e-01  2.12730142e-01  2.21906140e-01  3.76053832e-02\n",
      "   9.12231315e-02  1.48662764e-01 -1.42890169e-01 -1.39190115e-01\n",
      "   2.52005690e-01  2.60997439e-02 -1.36102185e-01 -1.89949656e-01\n",
      "  -3.66227594e-03 -1.44235761e-01  2.00000000e+00 -8.17749006e-02\n",
      "   1.31590326e-02]\n",
      " [ 1.28870300e-01  1.34096577e-01 -1.97815421e-01  3.95077464e-03\n",
      "  -2.39116291e-01 -5.81776148e-02 -1.04002662e-01  1.65559451e-01\n",
      "   1.76482554e-01 -1.39575261e-01  1.83746407e-02 -1.70846940e-02\n",
      "  -3.58118821e-01  2.06388049e-01  1.33316246e-01 -2.09010390e-02\n",
      "   1.28508814e-01 -1.01232749e-01 -4.94615254e-02  4.19874100e-02\n",
      "  -9.39278268e-02  5.29485076e-02 -8.17749006e-02  2.00000000e+00\n",
      "   1.35610074e-01]\n",
      " [ 5.19194329e-02 -2.50544966e-02  1.51419161e-02  1.24337897e-01\n",
      "   8.03041310e-02  7.16865706e-03 -1.74089240e-02  9.09100636e-02\n",
      "   1.02211605e-01 -3.93036722e-01  5.24634940e-03 -7.69765836e-03\n",
      "  -5.09463179e-02  1.27806661e-01  2.10427284e-01 -3.10018284e-02\n",
      "  -5.28817752e-02 -1.07709869e-01 -1.90782268e-01  1.20125816e-01\n",
      "  -5.50574586e-02 -5.34177049e-02  1.31590326e-02  1.35610074e-01\n",
      "   2.00000000e+00]]\n",
      "b: [[  5.58556889]\n",
      " [-53.80650797]\n",
      " [-14.54013953]\n",
      " [-19.25553022]\n",
      " [ 22.59015841]\n",
      " [  0.94157502]\n",
      " [-16.39581296]\n",
      " [ 15.7329378 ]\n",
      " [-15.11988058]\n",
      " [ -5.93708615]\n",
      " [  7.34048468]\n",
      " [-25.70466875]\n",
      " [-17.11031408]\n",
      " [ 20.15590964]\n",
      " [ -2.86168196]\n",
      " [  6.12410086]\n",
      " [-13.51358292]\n",
      " [  1.03331496]\n",
      " [-13.20324655]\n",
      " [-14.22550742]\n",
      " [ 33.5604843 ]\n",
      " [  7.49089559]\n",
      " [ -5.96963784]\n",
      " [-27.46547464]\n",
      " [ 15.72212361]]\n",
      "p type: int64\n",
      "fbest did not get updated for the given no. of iter\n",
      "start, end: 2.609375 4.234375\n",
      "xibb: [[  0.        ]\n",
      " [ 28.24624783]\n",
      " [  0.        ]\n",
      " [  0.        ]\n",
      " [-16.4713788 ]\n",
      " [  0.        ]\n",
      " [  0.        ]\n",
      " [  0.        ]\n",
      " [  0.        ]\n",
      " [  0.        ]\n",
      " [  0.        ]\n",
      " [ 14.00487275]\n",
      " [ 12.38116877]\n",
      " [  0.        ]\n",
      " [  0.        ]\n",
      " [  0.        ]\n",
      " [  0.        ]\n",
      " [  0.        ]\n",
      " [  0.        ]\n",
      " [  0.        ]\n",
      " [-16.3311103 ]\n",
      " [  0.        ]\n",
      " [  0.        ]\n",
      " [  0.        ]\n",
      " [  0.        ]]\n",
      "fibb: 17405.801821090146\n",
      "CPU ibb: 1.625\n",
      "ipiv0: [ 7  3 18 21 23 16  6 17  5  9  2 10  1 19 15 24 11  4  0 20  8 12 14 22\n",
      " 13]\n",
      "ipiv1: []\n",
      "npiv0, npiv00: 25 25\n",
      "alg. converged\n",
      "start, end: 4.234375 10.375\n",
      "xibbef: [[  0.        ]\n",
      " [ 28.24624783]\n",
      " [  0.        ]\n",
      " [  0.        ]\n",
      " [-16.4713788 ]\n",
      " [  0.        ]\n",
      " [  0.        ]\n",
      " [  0.        ]\n",
      " [  0.        ]\n",
      " [  0.        ]\n",
      " [  0.        ]\n",
      " [ 14.00487275]\n",
      " [ 12.38116877]\n",
      " [  0.        ]\n",
      " [  0.        ]\n",
      " [  0.        ]\n",
      " [  0.        ]\n",
      " [  0.        ]\n",
      " [  0.        ]\n",
      " [  0.        ]\n",
      " [-16.3311103 ]\n",
      " [  0.        ]\n",
      " [  0.        ]\n",
      " [  0.        ]\n",
      " [  0.        ]]\n",
      "fibbef: 17405.801821090143\n",
      "CPU ibbef: 6.140625\n"
     ]
    },
    {
     "ename": "UnboundLocalError",
     "evalue": "cannot access local variable 'xmio' where it is not associated with a value",
     "output_type": "error",
     "traceback": [
      "\u001b[31m---------------------------------------------------------------------------\u001b[39m",
      "\u001b[31mUnboundLocalError\u001b[39m                         Traceback (most recent call last)",
      "\u001b[36mCell\u001b[39m\u001b[36m \u001b[39m\u001b[32mIn[1]\u001b[39m\u001b[32m, line 57\u001b[39m\n\u001b[32m     54\u001b[39m \u001b[38;5;28;01mfor\u001b[39;00m j \u001b[38;5;129;01min\u001b[39;00m \u001b[38;5;28mrange\u001b[39m(num_k_values): \u001b[38;5;66;03m# for each k value, run the alg\u001b[39;00m\n\u001b[32m     56\u001b[39m     k = k_values[j]\n\u001b[32m---> \u001b[39m\u001b[32m57\u001b[39m     stop_flag_each_alg, cpu_time_each_alg, rss_each_alg, sol_each_alg=\u001b[43mtestalg\u001b[49m\u001b[43m.\u001b[49m\u001b[43mmain\u001b[49m\u001b[43m(\u001b[49m\u001b[43mp\u001b[49m\u001b[43m,\u001b[49m\u001b[43mn\u001b[49m\u001b[43m,\u001b[49m\u001b[43mk\u001b[49m\u001b[43m,\u001b[49m\u001b[43mb0\u001b[49m\u001b[43m,\u001b[49m\u001b[43msnr\u001b[49m\u001b[43m,\u001b[49m\u001b[43mmu\u001b[49m\u001b[43m,\u001b[49m\u001b[43mSigma\u001b[49m\u001b[43m,\u001b[49m\u001b[43mnum_instances\u001b[49m\u001b[43m,\u001b[49m\u001b[43mnum_alg\u001b[49m\u001b[43m,\u001b[49m\u001b[43malg_flag\u001b[49m\u001b[43m)\u001b[49m\n\u001b[32m     58\u001b[39m     rss[j+i*num_k_values,:]=rss_each_alg \n\u001b[32m     59\u001b[39m     cpu_time[j+i*num_k_values,:]=cpu_time_each_alg\n",
      "\u001b[36mFile \u001b[39m\u001b[32mc:\\Users\\VSingh\\OneDrive - TAMUT\\Desktop\\ibbef-ccqo\\ibbef-ccqo\\testalg.py:79\u001b[39m, in \u001b[36mmain\u001b[39m\u001b[34m(p, n, k, b0, snr, mu, Sigma, num_instances, num_alg, alg_flag)\u001b[39m\n\u001b[32m     77\u001b[39m sol_each_alg[\u001b[32m0\u001b[39m,:] = xibb.T\n\u001b[32m     78\u001b[39m sol_each_alg[\u001b[32m1\u001b[39m,:] = xibbef.T\n\u001b[32m---> \u001b[39m\u001b[32m79\u001b[39m sol_each_alg[\u001b[32m2\u001b[39m,:] = \u001b[43mxmio\u001b[49m.T \n\u001b[32m     81\u001b[39m \u001b[38;5;28;01mreturn\u001b[39;00m stop_flag_each_alg, cpu_time_each_alg, rss_each_alg, sol_each_alg\n",
      "\u001b[31mUnboundLocalError\u001b[39m: cannot access local variable 'xmio' where it is not associated with a value"
     ]
    }
   ],
   "source": [
    "\n",
    "import numpy as np\n",
    "from scipy import linalg\n",
    "import pandas as pd\n",
    "import pickle\n",
    "\n",
    "import testalg\n",
    "import matplotlib.pyplot as plt\n",
    "import utility.perprof as perprof \n",
    "import utility.boxplot as boxplot\n",
    "import utility.relgap as relgap\n",
    "\n",
    "num_dim=3   # no. of examples of different dimensions\n",
    "dim_egs=np.array([25,10,12])  # dimension of examples\n",
    "num_data_pts=np.array([200,200,200])\n",
    "num_k_values=2    \n",
    "k_values=np.array([5,10]) \n",
    "s0_values=5*np.ones(num_dim,dtype=int) # no. of nonzero values in b0\n",
    "num_instances=1           # no. of instances to run for each example\n",
    "alg_flag=np.array([1, 1, 0]) # =1 include in testing, =0 do not include  \n",
    "num_alg=3\n",
    "b0_type=3   # to generate the true coefficient vector b0\n",
    "\n",
    "# initialize the arrays to save the final output\n",
    "rss = np.zeros( (num_dim*num_k_values,num_alg) )\n",
    "cpu_time = np.zeros( (num_dim*num_k_values,num_alg) )\n",
    "num_iter = np.zeros( (num_dim*num_k_values,num_alg) )\n",
    "stop_flag = -1*np.zeros( (num_dim*num_k_values,num_alg) )\n",
    "output_excel = np.nan*np.ones( (6+np.max(dim_egs),num_dim*num_k_values*num_alg) )\n",
    "ctr = 0 # used for saving data in output_excel\n",
    "for i in range(num_dim):\n",
    "\n",
    "    p=dim_egs[i]\n",
    "    n=num_data_pts[i]\n",
    "    mu=np.zeros(p)\n",
    "    Sigma=np.eye(p)\n",
    "    snr=0.5\n",
    "    s0=s0_values[i]\n",
    "    if b0_type==1: # example 1\n",
    "        b0=np.zeros(p)\n",
    "        i0=np.ceil(np.linspace(0,p,num=s0,endpoint=False)).astype(int) # get s0 evenly spaced indices, round the next integer if needed\n",
    "        b0[i0]=1 \n",
    "    elif b0_type==2: # example 2\n",
    "        b0=np.zeros(p)\n",
    "        b0[0:s0]=1 # make first s0 entries 1\n",
    "    elif b0_type==3: # example 3\n",
    "        b0=np.zeros(p)   \n",
    "        i0 = np.random.randint(0,p,s0).astype(int) # pick s0 random indices to make nonzero\n",
    "        j0 = np.random.randint(1,5,s0) # pick s0 random integers b/w 1 and 5\n",
    "        b0[i0]=j0\n",
    "\n",
    "    b0 = np.reshape(b0, (-1,1)) # make it a col array\n",
    "    \n",
    "    # run the algorithms and save the output\n",
    "    for j in range(num_k_values): # for each k value, run the alg\n",
    "        \n",
    "        k = k_values[j]\n",
    "        stop_flag_each_alg, cpu_time_each_alg, rss_each_alg, sol_each_alg=testalg.main(p,n,k,b0,snr,mu,Sigma,num_instances,num_alg,alg_flag)\n",
    "        rss[j+i*num_k_values,:]=rss_each_alg \n",
    "        cpu_time[j+i*num_k_values,:]=cpu_time_each_alg\n",
    "        stop_flag[j+i*num_k_values,:]=stop_flag_each_alg\n",
    "        print(rss_each_alg[0],cpu_time_each_alg[0],stop_flag_each_alg[0],sol_each_alg[0])\n",
    "        \n",
    "        output_excel[0:6+p,ctr] = np.hstack(([p, n, k, rss_each_alg[0], cpu_time_each_alg[0],stop_flag_each_alg[0]],sol_each_alg[0] ))\n",
    "        output_excel[0:6+p,ctr+1] = np.hstack(([p, n, k, rss_each_alg[1], cpu_time_each_alg[1],stop_flag_each_alg[1]],sol_each_alg[1] ))\n",
    "        output_excel[0:6+p,ctr+2] = np.hstack(([p, n, k, rss_each_alg[2], cpu_time_each_alg[2],stop_flag_each_alg[2]],sol_each_alg[2] )) \n",
    "        ctr += 3\n",
    "    \n",
    "\n",
    "\n",
    "# save the output in .pkl file\n",
    "print('rss:',rss)\n",
    "print('cpu:',cpu_time)\n",
    "print('stop_flag:',stop_flag)\n",
    "\n",
    "# prepare output to be saved in excel file using pandas dataframe\n",
    "column_names = num_dim*num_k_values*['IBB','IBBEF','MIO']\n",
    "row_names = ['p','n','k','rss','cputime','stopflag']\n",
    "for i in range(np.max(dim_egs[0:num_dim])):\n",
    "    row_names.append(f\"x{i+1}\")\n",
    "\n",
    "dataframe = pd.DataFrame(output_excel, columns=column_names, index=row_names)\n",
    "dataframe.to_excel('data.xlsx', index=True, header=True)\n",
    "print(dataframe)\n",
    "\n",
    "# save the output in .pkl file\n",
    "output_pkl={'rss':rss,'cpu':cpu_time,'stop_flag':stop_flag}\n",
    "filename = 'data.pkl'\n",
    "\n",
    "try:\n",
    "    with open(filename, 'wb') as file:\n",
    "        pickle.dump(output_pkl, file)\n",
    "    print(f\"Data saved successfully to {filename}\")\n",
    "except Exception as e:\n",
    "    print(f\"An error occurred while saving data: {e}\")\n",
    "\n",
    "\"\"\" \n",
    "try:\n",
    "    with open(filename, 'rb') as file:\n",
    "        loaded_data = pickle.load(file)\n",
    "    print(f\"Data loaded successfully from {filename}: {loaded_data}\")\n",
    "except FileNotFoundError:\n",
    "    print(f\"Error: File '{filename}' not found.\")\n",
    "except Exception as e:\n",
    "    print(f\"An error occurred while loading data: {e}\")    \n",
    "\"\"\"    \n",
    "\n",
    "# create box plots\n",
    "boxplot.main(relgap.main(rss))\n",
    "\n",
    "# create a performance profile of CPU time data\n",
    "perprof.main(cpu_time,linespecs=['r-', 'b--','g:'],legendnames=['IBB','IBBEF', 'MIO'])\n",
    "       "
   ]
  }
 ],
 "metadata": {
  "kernelspec": {
   "display_name": "Python myenv1",
   "language": "python",
   "name": "myenv1"
  },
  "language_info": {
   "codemirror_mode": {
    "name": "ipython",
    "version": 3
   },
   "file_extension": ".py",
   "mimetype": "text/x-python",
   "name": "python",
   "nbconvert_exporter": "python",
   "pygments_lexer": "ipython3",
   "version": "3.13.7"
  }
 },
 "nbformat": 4,
 "nbformat_minor": 5
}
