{
 "cells": [
  {
   "cell_type": "code",
   "execution_count": null,
   "id": "9242d46e",
   "metadata": {},
   "outputs": [
    {
     "name": "stdout",
     "output_type": "stream",
     "text": [
      "x0,fx0: [[  0.        ]\n",
      " [ 11.45074413]\n",
      " [  0.        ]\n",
      " [  0.        ]\n",
      " [-14.23945722]\n",
      " [  0.        ]\n",
      " [  0.        ]\n",
      " [  0.        ]] 7264.199503727192\n",
      "A: [[ 2.         -0.11705112  0.06933272 -0.09939571 -0.19796162  0.12985488\n",
      "   0.01349761 -0.03215592]\n",
      " [-0.11705112  2.          0.07306473 -0.02821169  0.18304428  0.02883831\n",
      "  -0.09583379 -0.12072797]\n",
      " [ 0.06933272  0.07306473  2.          0.0970781  -0.05332915 -0.12819375\n",
      "  -0.05297713 -0.21141942]\n",
      " [-0.09939571 -0.02821169  0.0970781   2.         -0.05141508  0.07134636\n",
      "  -0.24686912  0.09585019]\n",
      " [-0.19796162  0.18304428 -0.05332915 -0.05141508  2.          0.17515946\n",
      "   0.07495507  0.21623856]\n",
      " [ 0.12985488  0.02883831 -0.12819375  0.07134636  0.17515946  2.\n",
      "  -0.10086022  0.01221077]\n",
      " [ 0.01349761 -0.09583379 -0.05297713 -0.24686912  0.07495507 -0.10086022\n",
      "   2.         -0.17915752]\n",
      " [-0.03215592 -0.12072797 -0.21141942  0.09585019  0.21623856  0.01221077\n",
      "  -0.17915752  2.        ]]\n",
      "b: [[  2.01949609]\n",
      " [-20.29503703]\n",
      " [  7.72902879]\n",
      " [ -3.03058168]\n",
      " [ 26.3829212 ]\n",
      " [ 13.3182835 ]\n",
      " [ -6.61287674]\n",
      " [ 15.33765116]]\n",
      "p type: int64\n",
      "Y: 7152.150670233303 0 [1 1 1 1 1 1 1 1] 0 8 0\n",
      "Y: 7152.150670233303 2 [1 1 1 1 2 1 1 1] 0 7 1\n",
      "Y: 7152.150670233303 3 [1 2 1 1 2 1 1 1] 0 6 2\n",
      "Y: 7185.490613474175 4 [1 2 1 1 2 1 1 0] 1 5 2\n",
      "Y: 7217.355719319725 5 [1 2 1 1 2 0 1 0] 2 4 2\n",
      "Y: 7238.4829305503445 6 [1 2 0 1 2 0 1 0] 3 3 2\n",
      "Y: 7259.615466593279 7 [1 2 0 1 2 0 0 0] 4 2 2\n",
      "Y: 7262.480057449437 8 [0 2 0 1 2 0 0 0] 5 1 2\n",
      "Y: 7324.800810281446 1 [1 1 1 1 0 1 1 1] 1 7 0\n",
      "alg. converged\n",
      "start, end: 2.541886 2.651585\n",
      "xibb: [[  0.        ]\n",
      " [ 11.45074413]\n",
      " [  0.        ]\n",
      " [  0.        ]\n",
      " [-14.23945722]\n",
      " [  0.        ]\n",
      " [  0.        ]\n",
      " [  0.        ]]\n",
      "fibb: 7264.199503727188\n",
      "CPU ibb: 0.10969899999999999\n",
      "ipiv0: [4 6 2 0 1 3 5 7]\n",
      "ipiv1: []\n",
      "npiv0, npiv00: 8 8\n",
      "alg. converged\n",
      "start, end: 2.651653 2.658248\n",
      "xibbef: [[  0.        ]\n",
      " [ 11.45074413]\n",
      " [  0.        ]\n",
      " [  0.        ]\n",
      " [-14.23945722]\n",
      " [  0.        ]\n",
      " [  0.        ]\n",
      " [  0.        ]]\n",
      "fibbef: 7264.199503727188\n",
      "CPU ibbef: 0.0065949999999999065\n",
      "Set parameter Username\n",
      "Set parameter LicenseID to value 2631835\n",
      "Academic license - for non-commercial use only - expires 2026-03-06\n",
      "obj: 2.0194960921474663 <gurobi.Var *Awaiting Model Update*> + -20.295037028767116 <gurobi.Var *Awaiting Model Update*> + 7.7290287924507215 <gurobi.Var *Awaiting Model Update*> + -3.0305816830637236 <gurobi.Var *Awaiting Model Update*> + 26.382921199631248 <gurobi.Var *Awaiting Model Update*> + 13.31828349561044 <gurobi.Var *Awaiting Model Update*> + -6.612876738900958 <gurobi.Var *Awaiting Model Update*> + 15.337651156160424 <gurobi.Var *Awaiting Model Update*> + [ <gurobi.Var *Awaiting Model Update*> ^ 2 + -0.05852556046846725 <gurobi.Var *Awaiting Model Update*> * <gurobi.Var *Awaiting Model Update*> + 0.034666360248994284 <gurobi.Var *Awaiting Model Update*> * <gurobi.Var *Awaiting Model Update*> + -0.04969785649939759 <gurobi.Var *Awaiting Model Update*> * <gurobi.Var *Awaiting Model Update*> + -0.09898080855365746 <gurobi.Var *Awaiting Model Update*> * <gurobi.Var *Awaiting Model Update*> + 0.06492743818978142 <gurobi.Var *Awaiting Model Update*> * <gurobi.Var *Awaiting Model Update*> + 0.006748804965806328 <gurobi.Var *Awaiting Model Update*> * <gurobi.Var *Awaiting Model Update*> + -0.016077958363393194 <gurobi.Var *Awaiting Model Update*> * <gurobi.Var *Awaiting Model Update*> + -0.05852556046846725 <gurobi.Var *Awaiting Model Update*> * <gurobi.Var *Awaiting Model Update*> + 1.0000000000000002 <gurobi.Var *Awaiting Model Update*> ^ 2 + 0.036532364802681724 <gurobi.Var *Awaiting Model Update*> * <gurobi.Var *Awaiting Model Update*> + -0.014105843909134793 <gurobi.Var *Awaiting Model Update*> * <gurobi.Var *Awaiting Model Update*> + 0.09152214136871267 <gurobi.Var *Awaiting Model Update*> * <gurobi.Var *Awaiting Model Update*> + 0.014419155949095867 <gurobi.Var *Awaiting Model Update*> * <gurobi.Var *Awaiting Model Update*> + -0.04791689604555112 <gurobi.Var *Awaiting Model Update*> * <gurobi.Var *Awaiting Model Update*> + -0.060363986718015544 <gurobi.Var *Awaiting Model Update*> * <gurobi.Var *Awaiting Model Update*> + 0.034666360248994284 <gurobi.Var *Awaiting Model Update*> * <gurobi.Var *Awaiting Model Update*> + 0.036532364802681724 <gurobi.Var *Awaiting Model Update*> * <gurobi.Var *Awaiting Model Update*> + 0.9999999999999993 <gurobi.Var *Awaiting Model Update*> ^ 2 + 0.04853905242832339 <gurobi.Var *Awaiting Model Update*> * <gurobi.Var *Awaiting Model Update*> + -0.026664575531585334 <gurobi.Var *Awaiting Model Update*> * <gurobi.Var *Awaiting Model Update*> + -0.0640968748816141 <gurobi.Var *Awaiting Model Update*> * <gurobi.Var *Awaiting Model Update*> + -0.026488565143130985 <gurobi.Var *Awaiting Model Update*> * <gurobi.Var *Awaiting Model Update*> + -0.10570971122058853 <gurobi.Var *Awaiting Model Update*> * <gurobi.Var *Awaiting Model Update*> + -0.04969785649939759 <gurobi.Var *Awaiting Model Update*> * <gurobi.Var *Awaiting Model Update*> + -0.014105843909134793 <gurobi.Var *Awaiting Model Update*> * <gurobi.Var *Awaiting Model Update*> + 0.04853905242832339 <gurobi.Var *Awaiting Model Update*> * <gurobi.Var *Awaiting Model Update*> + 0.9999999999999998 <gurobi.Var *Awaiting Model Update*> ^ 2 + -0.025707538874918202 <gurobi.Var *Awaiting Model Update*> * <gurobi.Var *Awaiting Model Update*> + 0.03567318029684835 <gurobi.Var *Awaiting Model Update*> * <gurobi.Var *Awaiting Model Update*> + -0.12343456142458537 <gurobi.Var *Awaiting Model Update*> * <gurobi.Var *Awaiting Model Update*> + 0.04792509414798406 <gurobi.Var *Awaiting Model Update*> * <gurobi.Var *Awaiting Model Update*> + -0.09898080855365746 <gurobi.Var *Awaiting Model Update*> * <gurobi.Var *Awaiting Model Update*> + 0.09152214136871267 <gurobi.Var *Awaiting Model Update*> * <gurobi.Var *Awaiting Model Update*> + -0.026664575531585334 <gurobi.Var *Awaiting Model Update*> * <gurobi.Var *Awaiting Model Update*> + -0.025707538874918202 <gurobi.Var *Awaiting Model Update*> * <gurobi.Var *Awaiting Model Update*> + 0.9999999999999991 <gurobi.Var *Awaiting Model Update*> ^ 2 + 0.08757973069151372 <gurobi.Var *Awaiting Model Update*> * <gurobi.Var *Awaiting Model Update*> + 0.0374775327432419 <gurobi.Var *Awaiting Model Update*> * <gurobi.Var *Awaiting Model Update*> + 0.10811927777086626 <gurobi.Var *Awaiting Model Update*> * <gurobi.Var *Awaiting Model Update*> + 0.06492743818978142 <gurobi.Var *Awaiting Model Update*> * <gurobi.Var *Awaiting Model Update*> + 0.014419155949095867 <gurobi.Var *Awaiting Model Update*> * <gurobi.Var *Awaiting Model Update*> + -0.0640968748816141 <gurobi.Var *Awaiting Model Update*> * <gurobi.Var *Awaiting Model Update*> + 0.03567318029684835 <gurobi.Var *Awaiting Model Update*> * <gurobi.Var *Awaiting Model Update*> + 0.08757973069151372 <gurobi.Var *Awaiting Model Update*> * <gurobi.Var *Awaiting Model Update*> + 1.0000000000000004 <gurobi.Var *Awaiting Model Update*> ^ 2 + -0.05043011060170002 <gurobi.Var *Awaiting Model Update*> * <gurobi.Var *Awaiting Model Update*> + 0.006105386108217814 <gurobi.Var *Awaiting Model Update*> * <gurobi.Var *Awaiting Model Update*> + 0.006748804965806328 <gurobi.Var *Awaiting Model Update*> * <gurobi.Var *Awaiting Model Update*> + -0.04791689604555112 <gurobi.Var *Awaiting Model Update*> * <gurobi.Var *Awaiting Model Update*> + -0.026488565143130985 <gurobi.Var *Awaiting Model Update*> * <gurobi.Var *Awaiting Model Update*> + -0.12343456142458537 <gurobi.Var *Awaiting Model Update*> * <gurobi.Var *Awaiting Model Update*> + 0.0374775327432419 <gurobi.Var *Awaiting Model Update*> * <gurobi.Var *Awaiting Model Update*> + -0.05043011060170002 <gurobi.Var *Awaiting Model Update*> * <gurobi.Var *Awaiting Model Update*> + 0.9999999999999993 <gurobi.Var *Awaiting Model Update*> ^ 2 + -0.08957876230850663 <gurobi.Var *Awaiting Model Update*> * <gurobi.Var *Awaiting Model Update*> + -0.016077958363393194 <gurobi.Var *Awaiting Model Update*> * <gurobi.Var *Awaiting Model Update*> + -0.060363986718015544 <gurobi.Var *Awaiting Model Update*> * <gurobi.Var *Awaiting Model Update*> + -0.10570971122058853 <gurobi.Var *Awaiting Model Update*> * <gurobi.Var *Awaiting Model Update*> + 0.04792509414798406 <gurobi.Var *Awaiting Model Update*> * <gurobi.Var *Awaiting Model Update*> + 0.10811927777086626 <gurobi.Var *Awaiting Model Update*> * <gurobi.Var *Awaiting Model Update*> + 0.006105386108217814 <gurobi.Var *Awaiting Model Update*> * <gurobi.Var *Awaiting Model Update*> + -0.08957876230850663 <gurobi.Var *Awaiting Model Update*> * <gurobi.Var *Awaiting Model Update*> + <gurobi.Var *Awaiting Model Update*> ^ 2 ]\n",
      "Gurobi Optimizer version 12.0.1 build v12.0.1rc0 (mac64[arm] - Darwin 24.4.0 24E263)\n",
      "\n",
      "CPU model: Apple M3\n",
      "Thread count: 8 physical cores, 8 logical processors, using up to 8 threads\n",
      "\n",
      "Optimize a model with 17 rows, 16 columns and 40 nonzeros\n",
      "Model fingerprint: 0x664f7655\n",
      "Model has 36 quadratic objective terms\n",
      "Variable types: 8 continuous, 8 integer (8 binary)\n",
      "Coefficient statistics:\n",
      "  Matrix range     [1e+00, 4e+00]\n",
      "  Objective range  [2e+00, 3e+01]\n",
      "  QObjective range [2e-02, 2e+00]\n",
      "  Bounds range     [1e+00, 4e+00]\n",
      "  RHS range        [2e+00, 2e+00]\n",
      "Presolve time: 0.00s\n",
      "Presolved: 41 rows, 24 columns, 88 nonzeros\n",
      "Presolved model has 44 quadratic objective terms\n",
      "Variable types: 16 continuous, 8 integer (8 binary)\n",
      "Found heuristic solution: objective -65.7817745\n",
      "\n",
      "Root relaxation: objective -1.577638e+02, 35 iterations, 0.00 seconds (0.00 work units)\n",
      "\n",
      "    Nodes    |    Current Node    |     Objective Bounds      |     Work\n",
      " Expl Unexpl |  Obj  Depth IntInf | Incumbent    BestBd   Gap | It/Node Time\n",
      "\n",
      "     0     0 -157.76380    0    2  -65.78177 -157.76380   140%     -    0s\n",
      "H    0     0                    -157.6405414 -157.76380  0.08%     -    0s\n",
      "\n",
      "Explored 1 nodes (35 simplex iterations) in 0.01 seconds (0.00 work units)\n",
      "Thread count was 8 (of 8 available processors)\n",
      "\n",
      "Solution count 2: -157.641 -65.7818 \n",
      "No other solutions better than -157.641\n",
      "\n",
      "Optimal solution found (tolerance 1.00e-04)\n",
      "Best objective -1.576405414374e+02, best bound -1.576405414374e+02, gap 0.0000%\n",
      "xmio: [0.0, 4.0, 0.0, 0.0, -4.0, 0.0, 0.0, 0.0]\n",
      "bx: [[-186.71183291]]\n",
      "xAx: [[58.14258295]]\n",
      "fxout: [[7410.59483929]]\n",
      "xmio: [[ 0.]\n",
      " [ 4.]\n",
      " [ 0.]\n",
      " [ 0.]\n",
      " [-4.]\n",
      " [ 0.]\n",
      " [ 0.]\n",
      " [ 0.]]\n",
      "fmio: 7410.59483928597\n",
      "CPU mio: 0.04767900000000003\n",
      "7264.199503727188 0.10969899999999999 0.0 [  0.          11.45074413   0.           0.         -14.23945722\n",
      "   0.           0.           0.        ]\n",
      "x0,fx0: [[  0.        ]\n",
      " [ 11.09413103]\n",
      " [  0.        ]\n",
      " [  0.        ]\n",
      " [-13.11342411]\n",
      " [ -5.63677357]\n",
      " [  0.        ]\n",
      " [ -5.54691098]] 7202.597896311214\n",
      "A: [[ 2.         -0.11705112  0.06933272 -0.09939571 -0.19796162  0.12985488\n",
      "   0.01349761 -0.03215592]\n",
      " [-0.11705112  2.          0.07306473 -0.02821169  0.18304428  0.02883831\n",
      "  -0.09583379 -0.12072797]\n",
      " [ 0.06933272  0.07306473  2.          0.0970781  -0.05332915 -0.12819375\n",
      "  -0.05297713 -0.21141942]\n",
      " [-0.09939571 -0.02821169  0.0970781   2.         -0.05141508  0.07134636\n",
      "  -0.24686912  0.09585019]\n",
      " [-0.19796162  0.18304428 -0.05332915 -0.05141508  2.          0.17515946\n",
      "   0.07495507  0.21623856]\n",
      " [ 0.12985488  0.02883831 -0.12819375  0.07134636  0.17515946  2.\n",
      "  -0.10086022  0.01221077]\n",
      " [ 0.01349761 -0.09583379 -0.05297713 -0.24686912  0.07495507 -0.10086022\n",
      "   2.         -0.17915752]\n",
      " [-0.03215592 -0.12072797 -0.21141942  0.09585019  0.21623856  0.01221077\n",
      "  -0.17915752  2.        ]]\n",
      "b: [[  2.01949609]\n",
      " [-20.29503703]\n",
      " [  7.72902879]\n",
      " [ -3.03058168]\n",
      " [ 26.3829212 ]\n",
      " [ 13.3182835 ]\n",
      " [ -6.61287674]\n",
      " [ 15.33765116]]\n",
      "p type: int64\n",
      "Y: 7152.150670233306 0 [1 1 1 1 1 1 1 1] 0 8 0\n",
      "Y: 7152.150670233306 2 [1 1 1 1 2 1 1 1] 0 7 1\n",
      "Y: 7152.150670233306 3 [1 2 1 1 2 1 1 1] 0 6 2\n",
      "Y: 7152.150670233306 5 [1 2 1 1 2 1 1 2] 0 5 3\n",
      "Y: 7152.150670233306 7 [1 2 1 1 2 2 1 2] 0 4 4\n",
      "Y: 7183.046959906875 8 [1 2 0 1 2 2 1 2] 1 3 4\n",
      "Y: 7185.086247193618 6 [1 2 1 1 2 0 1 2] 1 4 3\n",
      "Y: 7185.086247193618 10 [1 2 2 1 2 0 1 2] 1 3 4\n",
      "Y: 7185.490613474184 4 [1 2 1 1 2 1 1 0] 1 5 2\n",
      "Y: 7185.490613474184 12 [1 2 1 1 2 2 1 0] 1 4 3\n",
      "Y: 7185.490613474184 13 [1 2 2 1 2 2 1 0] 1 3 4\n",
      "Y: 7197.6587623850655 9 [1 2 0 1 2 2 0 2] 2 2 4\n",
      "Y: 7200.654288038646 14 [1 2 0 0 2 2 0 2] 3 1 4\n",
      "Y: 7200.710502127951 11 [1 2 2 1 2 0 0 2] 2 2 4\n",
      "Y: 7324.800810281444 1 [1 1 1 1 0 1 1 1] 1 7 0\n",
      "alg. converged\n",
      "start, end: 2.720028 2.753429\n",
      "xibb: [[  0.        ]\n",
      " [ 11.09413103]\n",
      " [  0.        ]\n",
      " [  0.        ]\n",
      " [-13.11342411]\n",
      " [ -5.63677357]\n",
      " [  0.        ]\n",
      " [ -5.54691098]]\n",
      "fibb: 7202.597896311214\n",
      "CPU ibb: 0.033401000000000014\n",
      "ipiv0: [4 6 2 0 1 3 5 7]\n",
      "ipiv1: []\n",
      "npiv0, npiv00: 8 8\n",
      "alg. converged\n",
      "start, end: 2.753507 2.77506\n",
      "xibbef: [[  0.        ]\n",
      " [ 11.09413103]\n",
      " [  0.        ]\n",
      " [  0.        ]\n",
      " [-13.11342411]\n",
      " [ -5.63677357]\n",
      " [  0.        ]\n",
      " [ -5.54691098]]\n",
      "fibbef: 7202.597896311214\n",
      "CPU ibbef: 0.021552999999999933\n",
      "obj: 2.0194960921474663 <gurobi.Var *Awaiting Model Update*> + -20.295037028767116 <gurobi.Var *Awaiting Model Update*> + 7.7290287924507215 <gurobi.Var *Awaiting Model Update*> + -3.0305816830637236 <gurobi.Var *Awaiting Model Update*> + 26.382921199631248 <gurobi.Var *Awaiting Model Update*> + 13.31828349561044 <gurobi.Var *Awaiting Model Update*> + -6.612876738900958 <gurobi.Var *Awaiting Model Update*> + 15.337651156160424 <gurobi.Var *Awaiting Model Update*> + [ <gurobi.Var *Awaiting Model Update*> ^ 2 + -0.05852556046846725 <gurobi.Var *Awaiting Model Update*> * <gurobi.Var *Awaiting Model Update*> + 0.034666360248994284 <gurobi.Var *Awaiting Model Update*> * <gurobi.Var *Awaiting Model Update*> + -0.04969785649939759 <gurobi.Var *Awaiting Model Update*> * <gurobi.Var *Awaiting Model Update*> + -0.09898080855365746 <gurobi.Var *Awaiting Model Update*> * <gurobi.Var *Awaiting Model Update*> + 0.06492743818978142 <gurobi.Var *Awaiting Model Update*> * <gurobi.Var *Awaiting Model Update*> + 0.006748804965806328 <gurobi.Var *Awaiting Model Update*> * <gurobi.Var *Awaiting Model Update*> + -0.016077958363393194 <gurobi.Var *Awaiting Model Update*> * <gurobi.Var *Awaiting Model Update*> + -0.05852556046846725 <gurobi.Var *Awaiting Model Update*> * <gurobi.Var *Awaiting Model Update*> + 1.0000000000000002 <gurobi.Var *Awaiting Model Update*> ^ 2 + 0.036532364802681724 <gurobi.Var *Awaiting Model Update*> * <gurobi.Var *Awaiting Model Update*> + -0.014105843909134793 <gurobi.Var *Awaiting Model Update*> * <gurobi.Var *Awaiting Model Update*> + 0.09152214136871267 <gurobi.Var *Awaiting Model Update*> * <gurobi.Var *Awaiting Model Update*> + 0.014419155949095867 <gurobi.Var *Awaiting Model Update*> * <gurobi.Var *Awaiting Model Update*> + -0.04791689604555112 <gurobi.Var *Awaiting Model Update*> * <gurobi.Var *Awaiting Model Update*> + -0.060363986718015544 <gurobi.Var *Awaiting Model Update*> * <gurobi.Var *Awaiting Model Update*> + 0.034666360248994284 <gurobi.Var *Awaiting Model Update*> * <gurobi.Var *Awaiting Model Update*> + 0.036532364802681724 <gurobi.Var *Awaiting Model Update*> * <gurobi.Var *Awaiting Model Update*> + 0.9999999999999993 <gurobi.Var *Awaiting Model Update*> ^ 2 + 0.04853905242832339 <gurobi.Var *Awaiting Model Update*> * <gurobi.Var *Awaiting Model Update*> + -0.026664575531585334 <gurobi.Var *Awaiting Model Update*> * <gurobi.Var *Awaiting Model Update*> + -0.0640968748816141 <gurobi.Var *Awaiting Model Update*> * <gurobi.Var *Awaiting Model Update*> + -0.026488565143130985 <gurobi.Var *Awaiting Model Update*> * <gurobi.Var *Awaiting Model Update*> + -0.10570971122058853 <gurobi.Var *Awaiting Model Update*> * <gurobi.Var *Awaiting Model Update*> + -0.04969785649939759 <gurobi.Var *Awaiting Model Update*> * <gurobi.Var *Awaiting Model Update*> + -0.014105843909134793 <gurobi.Var *Awaiting Model Update*> * <gurobi.Var *Awaiting Model Update*> + 0.04853905242832339 <gurobi.Var *Awaiting Model Update*> * <gurobi.Var *Awaiting Model Update*> + 0.9999999999999998 <gurobi.Var *Awaiting Model Update*> ^ 2 + -0.025707538874918202 <gurobi.Var *Awaiting Model Update*> * <gurobi.Var *Awaiting Model Update*> + 0.03567318029684835 <gurobi.Var *Awaiting Model Update*> * <gurobi.Var *Awaiting Model Update*> + -0.12343456142458537 <gurobi.Var *Awaiting Model Update*> * <gurobi.Var *Awaiting Model Update*> + 0.04792509414798406 <gurobi.Var *Awaiting Model Update*> * <gurobi.Var *Awaiting Model Update*> + -0.09898080855365746 <gurobi.Var *Awaiting Model Update*> * <gurobi.Var *Awaiting Model Update*> + 0.09152214136871267 <gurobi.Var *Awaiting Model Update*> * <gurobi.Var *Awaiting Model Update*> + -0.026664575531585334 <gurobi.Var *Awaiting Model Update*> * <gurobi.Var *Awaiting Model Update*> + -0.025707538874918202 <gurobi.Var *Awaiting Model Update*> * <gurobi.Var *Awaiting Model Update*> + 0.9999999999999991 <gurobi.Var *Awaiting Model Update*> ^ 2 + 0.08757973069151372 <gurobi.Var *Awaiting Model Update*> * <gurobi.Var *Awaiting Model Update*> + 0.0374775327432419 <gurobi.Var *Awaiting Model Update*> * <gurobi.Var *Awaiting Model Update*> + 0.10811927777086626 <gurobi.Var *Awaiting Model Update*> * <gurobi.Var *Awaiting Model Update*> + 0.06492743818978142 <gurobi.Var *Awaiting Model Update*> * <gurobi.Var *Awaiting Model Update*> + 0.014419155949095867 <gurobi.Var *Awaiting Model Update*> * <gurobi.Var *Awaiting Model Update*> + -0.0640968748816141 <gurobi.Var *Awaiting Model Update*> * <gurobi.Var *Awaiting Model Update*> + 0.03567318029684835 <gurobi.Var *Awaiting Model Update*> * <gurobi.Var *Awaiting Model Update*> + 0.08757973069151372 <gurobi.Var *Awaiting Model Update*> * <gurobi.Var *Awaiting Model Update*> + 1.0000000000000004 <gurobi.Var *Awaiting Model Update*> ^ 2 + -0.05043011060170002 <gurobi.Var *Awaiting Model Update*> * <gurobi.Var *Awaiting Model Update*> + 0.006105386108217814 <gurobi.Var *Awaiting Model Update*> * <gurobi.Var *Awaiting Model Update*> + 0.006748804965806328 <gurobi.Var *Awaiting Model Update*> * <gurobi.Var *Awaiting Model Update*> + -0.04791689604555112 <gurobi.Var *Awaiting Model Update*> * <gurobi.Var *Awaiting Model Update*> + -0.026488565143130985 <gurobi.Var *Awaiting Model Update*> * <gurobi.Var *Awaiting Model Update*> + -0.12343456142458537 <gurobi.Var *Awaiting Model Update*> * <gurobi.Var *Awaiting Model Update*> + 0.0374775327432419 <gurobi.Var *Awaiting Model Update*> * <gurobi.Var *Awaiting Model Update*> + -0.05043011060170002 <gurobi.Var *Awaiting Model Update*> * <gurobi.Var *Awaiting Model Update*> + 0.9999999999999993 <gurobi.Var *Awaiting Model Update*> ^ 2 + -0.08957876230850663 <gurobi.Var *Awaiting Model Update*> * <gurobi.Var *Awaiting Model Update*> + -0.016077958363393194 <gurobi.Var *Awaiting Model Update*> * <gurobi.Var *Awaiting Model Update*> + -0.060363986718015544 <gurobi.Var *Awaiting Model Update*> * <gurobi.Var *Awaiting Model Update*> + -0.10570971122058853 <gurobi.Var *Awaiting Model Update*> * <gurobi.Var *Awaiting Model Update*> + 0.04792509414798406 <gurobi.Var *Awaiting Model Update*> * <gurobi.Var *Awaiting Model Update*> + 0.10811927777086626 <gurobi.Var *Awaiting Model Update*> * <gurobi.Var *Awaiting Model Update*> + 0.006105386108217814 <gurobi.Var *Awaiting Model Update*> * <gurobi.Var *Awaiting Model Update*> + -0.08957876230850663 <gurobi.Var *Awaiting Model Update*> * <gurobi.Var *Awaiting Model Update*> + <gurobi.Var *Awaiting Model Update*> ^ 2 ]\n",
      "Gurobi Optimizer version 12.0.1 build v12.0.1rc0 (mac64[arm] - Darwin 24.4.0 24E263)\n",
      "\n",
      "CPU model: Apple M3\n",
      "Thread count: 8 physical cores, 8 logical processors, using up to 8 threads\n",
      "\n",
      "Optimize a model with 17 rows, 16 columns and 40 nonzeros\n",
      "Model fingerprint: 0x62ee1569\n",
      "Model has 36 quadratic objective terms\n",
      "Variable types: 8 continuous, 8 integer (8 binary)\n",
      "Coefficient statistics:\n",
      "  Matrix range     [1e+00, 4e+00]\n",
      "  Objective range  [2e+00, 3e+01]\n",
      "  QObjective range [2e-02, 2e+00]\n",
      "  Bounds range     [1e+00, 4e+00]\n",
      "  RHS range        [4e+00, 4e+00]\n",
      "Presolve time: 0.00s\n",
      "Presolved: 41 rows, 24 columns, 88 nonzeros\n",
      "Presolved model has 44 quadratic objective terms\n",
      "Variable types: 16 continuous, 8 integer (8 binary)\n",
      "Found heuristic solution: objective -84.6859872\n",
      "Found heuristic solution: objective -174.0863118\n",
      "\n",
      "Root relaxation: objective -2.353084e+02, 36 iterations, 0.00 seconds (0.00 work units)\n",
      "\n",
      "    Nodes    |    Current Node    |     Objective Bounds      |     Work\n",
      " Expl Unexpl |  Obj  Depth IntInf | Incumbent    BestBd   Gap | It/Node Time\n",
      "\n",
      "     0     0 -235.30840    0    3 -174.08631 -235.30840  35.2%     -    0s\n",
      "H    0     0                    -232.3363048 -235.30840  1.28%     -    0s\n",
      "\n",
      "Explored 1 nodes (36 simplex iterations) in 0.01 seconds (0.00 work units)\n",
      "Thread count was 8 (of 8 available processors)\n",
      "\n",
      "Solution count 3: -232.336 -174.086 -84.686 \n",
      "No other solutions better than -232.336\n",
      "\n",
      "Optimal solution found (tolerance 1.00e-04)\n",
      "Best objective -2.323363048336e+02, best bound -2.323363048336e+02, gap 0.0000%\n",
      "xmio: [0.0, 4.0, 0.0, 0.0, -4.0, -4.0, 0.0, -4.0]\n",
      "bx: [[-301.33557152]]\n",
      "xAx: [[137.99853337]]\n",
      "fxout: [[7335.89907589]]\n",
      "xmio: [[ 0.]\n",
      " [ 4.]\n",
      " [ 0.]\n",
      " [ 0.]\n",
      " [-4.]\n",
      " [-4.]\n",
      " [ 0.]\n",
      " [-4.]]\n",
      "fmio: 7335.899075889751\n",
      "CPU mio: 0.015252999999999961\n",
      "7202.597896311214 0.033401000000000014 0.0 [  0.          11.09413103   0.           0.         -13.11342411\n",
      "  -5.63677357   0.          -5.54691098]\n",
      "x0,fx0: [[0.        ]\n",
      " [0.        ]\n",
      " [0.        ]\n",
      " [0.        ]\n",
      " [0.        ]\n",
      " [0.        ]\n",
      " [9.41965523]\n",
      " [0.        ]\n",
      " [0.        ]\n",
      " [6.87128408]] 9861.769727954765\n",
      "A: [[ 2.         -0.07732741 -0.20105054  0.11362958 -0.11978732  0.02045525\n",
      "   0.13880219  0.27611159 -0.12607115 -0.07477473]\n",
      " [-0.07732741  2.         -0.12991392  0.02756628  0.28428375  0.0437711\n",
      "  -0.03370972  0.05957874  0.16500783 -0.00408383]\n",
      " [-0.20105054 -0.12991392  2.          0.13750614  0.04793863  0.17989985\n",
      "  -0.16216552 -0.03123753 -0.16342441  0.03335935]\n",
      " [ 0.11362958  0.02756628  0.13750614  2.          0.01633303  0.0603213\n",
      "  -0.00765312 -0.01026859 -0.03150157 -0.11574714]\n",
      " [-0.11978732  0.28428375  0.04793863  0.01633303  2.          0.04722287\n",
      "   0.04740017 -0.07031558 -0.0344646  -0.20818007]\n",
      " [ 0.02045525  0.0437711   0.17989985  0.0603213   0.04722287  2.\n",
      "  -0.21845158  0.1463185  -0.01491171  0.13271156]\n",
      " [ 0.13880219 -0.03370972 -0.16216552 -0.00765312  0.04740017 -0.21845158\n",
      "   2.         -0.30142235  0.01985474 -0.16020939]\n",
      " [ 0.27611159  0.05957874 -0.03123753 -0.01026859 -0.07031558  0.1463185\n",
      "  -0.30142235  2.         -0.15251396  0.04143936]\n",
      " [-0.12607115  0.16500783 -0.16342441 -0.03150157 -0.0344646  -0.01491171\n",
      "   0.01985474 -0.15251396  2.          0.02833658]\n",
      " [-0.07477473 -0.00408383  0.03335935 -0.11574714 -0.20818007  0.13271156\n",
      "  -0.16020939  0.04143936  0.02833658  2.        ]]\n",
      "b: [[  8.50213433]\n",
      " [  7.52065832]\n",
      " [ 13.51214375]\n",
      " [ 11.97985748]\n",
      " [ -1.40039939]\n",
      " [ -8.37171369]\n",
      " [-17.7384662 ]\n",
      " [ 10.44306611]\n",
      " [-11.64060062]\n",
      " [-12.2334509 ]]\n",
      "p type: int64\n",
      "Y: 9684.154919499619 0 [1 1 1 1 1 1 1 1 1 1] 0 10 0\n",
      "Y: 9684.154919499619 2 [1 1 1 1 1 1 2 1 1 1] 0 9 1\n",
      "Y: 9684.154919499619 4 [1 1 2 1 1 1 2 1 1 1] 0 8 2\n",
      "Y: 9722.433741973877 5 [1 1 2 1 1 1 2 1 1 0] 1 7 2\n",
      "Y: 9727.987826155319 3 [1 1 0 1 1 1 2 1 1 1] 1 8 1\n",
      "Y: 9727.987826155319 8 [1 1 0 1 1 1 2 1 1 2] 1 7 2\n",
      "Y: 9757.65644679205 9 [1 1 0 1 1 1 2 1 0 2] 2 6 2\n",
      "Y: 9761.213564580014 6 [1 1 2 1 1 0 2 1 1 0] 2 6 2\n",
      "Y: 9762.524414094341 1 [1 1 1 1 1 1 0 1 1 1] 1 9 0\n",
      "Y: 9762.524414094341 13 [1 1 2 1 1 1 0 1 1 1] 1 8 1\n",
      "Y: 9762.524414094341 15 [1 1 2 1 1 1 0 1 1 2] 1 7 2\n",
      "Y: 9765.437528204739 7 [1 1 0 1 1 1 2 1 1 0] 2 7 1\n",
      "Y: 9765.437528204739 18 [1 1 0 2 1 1 2 1 1 0] 2 6 2\n",
      "Y: 9787.574560830246 11 [1 1 2 0 1 0 2 1 1 0] 3 5 2\n",
      "Y: 9787.671767976424 10 [1 1 0 0 1 1 2 1 0 2] 3 5 2\n",
      "Y: 9788.122567979417 16 [1 1 2 1 1 0 0 1 1 2] 2 6 2\n",
      "Y: 9794.084803435051 14 [1 1 2 1 1 1 0 1 1 0] 2 7 1\n",
      "Y: 9794.084803435051 24 [1 1 2 1 1 2 0 1 1 0] 2 6 2\n",
      "Y: 9797.894795727072 19 [1 1 0 2 1 0 2 1 1 0] 3 5 2\n",
      "Y: 9798.68295716789 17 [1 1 0 0 1 1 2 1 1 0] 3 6 1\n",
      "Y: 9798.68295716789 28 [1 1 0 0 1 1 2 1 2 0] 3 5 2\n",
      "Y: 9812.178425318723 22 [1 1 2 1 1 0 0 1 0 2] 3 5 2\n",
      "Y: 9812.834817798595 20 [1 1 2 0 1 0 2 1 0 0] 4 4 2\n",
      "Y: 9813.77773125153 21 [1 1 0 0 1 0 2 1 0 2] 4 4 2\n",
      "Y: 9814.866434991578 12 [1 1 0 1 1 1 0 1 1 1] 2 8 0\n",
      "Y: 9814.866434991578 34 [1 1 0 1 1 1 0 1 1 2] 2 7 1\n",
      "Y: 9814.866434991578 36 [1 1 0 1 1 1 0 1 2 2] 2 6 2\n",
      "Y: 9822.111655191573 25 [1 1 2 0 1 2 0 1 1 0] 3 5 2\n",
      "Y: 9823.853481959552 23 [1 1 2 1 1 0 0 1 1 0] 3 6 1\n",
      "Y: 9823.853481959552 40 [1 1 2 2 1 0 0 1 1 0] 3 5 2\n",
      "Y: 9828.133979652635 26 [1 1 0 2 1 0 2 1 0 0] 4 4 2\n",
      "Y: 9829.273667040738 29 [1 1 0 0 1 0 2 1 2 0] 4 4 2\n",
      "Y: 9829.946746807844 27 [1 1 0 0 1 1 2 1 0 0] 4 5 1\n",
      "Y: 9829.946746807844 45 [1 1 0 0 1 2 2 1 0 0] 4 4 2\n",
      "Y: 9831.208838987495 32 [0 1 0 0 1 0 2 1 0 2] 5 3 2\n",
      "Y: 9835.80644134953 30 [1 1 2 0 1 0 0 1 0 2] 4 4 2\n",
      "Y: 9838.591561445995 31 [0 1 2 0 1 0 2 1 0 0] 5 3 2\n",
      "Y: 9844.949708630504 42 [0 1 0 2 1 0 2 1 0 0] 5 3 2\n",
      "Y: 9845.073183212104 35 [1 1 0 1 1 1 0 1 0 2] 3 6 1\n",
      "Y: 9845.073183212104 51 [1 1 0 2 1 1 0 1 0 2] 3 5 2\n",
      "Y: 9845.185494125986 37 [1 1 0 0 1 1 0 1 2 2] 3 5 2\n",
      "Y: 9845.248021646084 33 [1 1 0 1 1 1 0 1 1 0] 3 7 0\n",
      "Y: 9845.248021646084 52 [1 1 0 2 1 1 0 1 1 0] 3 6 1\n",
      "Y: 9845.248021646084 53 [1 1 0 2 1 1 0 1 2 0] 3 5 2\n",
      "Y: 9845.90354151513 47 [0 1 0 0 1 0 2 0 0 2] 6 2 2\n",
      "Y: 9846.985504765353 38 [1 1 2 0 1 2 0 1 0 0] 4 4 2\n",
      "Y: 9847.055350212335 43 [1 0 0 0 1 0 2 1 2 0] 5 3 2\n",
      "Y: 9848.581265841553 41 [1 1 2 2 1 0 0 1 0 0] 4 4 2\n",
      "Y: 9850.303717370443 46 [0 1 0 0 1 2 2 1 0 0] 5 3 2\n",
      "Y: 9850.565499486449 39 [1 1 2 0 1 0 0 1 1 0] 4 5 1\n",
      "Y: 9850.565499486449 55 [1 1 2 0 1 0 0 1 2 0] 4 4 2\n",
      "Y: 9854.89497206483 49 [0 0 2 0 1 0 2 1 0 0] 6 2 2\n",
      "Y: 9857.37388089413 48 [1 1 2 0 1 0 0 0 0 2] 5 3 2\n",
      "Y: 9859.637222303345 50 [0 1 0 2 1 0 2 0 0 0] 6 2 2\n",
      "Y: 9860.332509026393 54 [0 0 0 0 1 0 2 0 0 2] 7 1 2\n",
      "Y: 9860.400623447149 44 [1 1 0 0 1 0 2 1 0 0] 5 4 1\n",
      "Y: 9860.400623447149 56 [2 1 0 0 1 0 2 1 0 0] 5 3 2\n",
      "alg. converged\n",
      "start, end: 2.796185 2.867864\n",
      "xibb: [[0.        ]\n",
      " [0.        ]\n",
      " [0.        ]\n",
      " [0.        ]\n",
      " [0.        ]\n",
      " [0.        ]\n",
      " [9.41965523]\n",
      " [0.        ]\n",
      " [0.        ]\n",
      " [6.87128408]]\n",
      "fibb: 9861.769727954763\n",
      "CPU ibb: 0.07167900000000005\n",
      "ipiv0: [7 2 4 3 8 9 5 1 6 0]\n",
      "ipiv1: []\n",
      "npiv0, npiv00: 10 10\n",
      "alg. converged\n",
      "start, end: 2.867939 2.887028\n",
      "xibbef: [[0.        ]\n",
      " [0.        ]\n",
      " [0.        ]\n",
      " [0.        ]\n",
      " [0.        ]\n",
      " [0.        ]\n",
      " [9.41965523]\n",
      " [0.        ]\n",
      " [0.        ]\n",
      " [6.87128408]]\n",
      "fibbef: 9861.769727954763\n",
      "CPU ibbef: 0.019089000000000134\n",
