{
 "cells": [
  {
   "cell_type": "code",
   "execution_count": null,
   "id": "9242d46e",
   "metadata": {},
   "outputs": [
    {
     "name": "stdout",
     "output_type": "stream",
     "text": [
      "x0,fx0: [[0.       ]\n",
      " [0.       ]\n",
      " [2.3795651]\n",
      " [0.       ]\n",
      " [0.       ]\n",
      " [0.       ]\n",
      " [0.       ]\n",
      " [0.       ]\n",
      " [0.       ]\n",
      " [0.       ]] 24.06480760605276\n",
      "A: [[ 2.         -0.14858774  0.12922984  0.63046635 -0.39176545  0.23708938\n",
      "  -0.01247868 -0.25223174  0.22816377  0.21144231]\n",
      " [-0.14858774  2.          0.02890615 -0.10234805  0.50379541  0.39139194\n",
      "   0.44351853 -0.15534201  0.60812994 -0.64750151]\n",
      " [ 0.12922984  0.02890615  2.         -0.19979175  0.4908787  -0.20225383\n",
      "   0.12033629 -0.22202374  0.03235937  0.28180017]\n",
      " [ 0.63046635 -0.10234805 -0.19979175  2.         -0.16148558  0.22962536\n",
      "  -0.00711859  0.16901684  0.24340436  0.07209029]\n",
      " [-0.39176545  0.50379541  0.4908787  -0.16148558  2.         -0.41410475\n",
      "  -0.06577692  0.29665929 -0.24080757  0.28807409]\n",
      " [ 0.23708938  0.39139194 -0.20225383  0.22962536 -0.41410475  2.\n",
      "   0.06558149 -0.21169549  0.15695668  0.24691246]\n",
      " [-0.01247868  0.44351853  0.12033629 -0.00711859 -0.06577692  0.06558149\n",
      "   2.         -0.22998892  0.1806151  -0.31931678]\n",
      " [-0.25223174 -0.15534201 -0.22202374  0.16901684  0.29665929 -0.21169549\n",
      "  -0.22998892  2.         -0.03810783 -0.24157375]\n",
      " [ 0.22816377  0.60812994  0.03235937  0.24340436 -0.24080757  0.15695668\n",
      "   0.1806151  -0.03810783  2.          0.41573139]\n",
      " [ 0.21144231 -0.64750151  0.28180017  0.07209029  0.28807409  0.24691246\n",
      "  -0.31931678 -0.24157375  0.41573139  2.        ]]\n",
      "b: [[-1.90108125]\n",
      " [-0.30568462]\n",
      " [-4.7591302 ]\n",
      " [-1.2632517 ]\n",
      " [-1.10887968]\n",
      " [-2.35281083]\n",
      " [-4.44671324]\n",
      " [ 1.2683279 ]\n",
      " [-0.06372358]\n",
      " [-3.67578571]]\n",
      "p type: int64\n",
      "Y: 13.54165828361148 0 [1 1 1 1 1 1 1 1 1 1] 0 10 0\n",
      "Y: 13.54165828361148 2 [1 1 1 1 1 1 2 1 1 1] 0 9 1\n",
      "Y: 16.431631017374478 3 [1 1 1 1 1 1 2 1 1 0] 1 8 1\n",
      "Y: 18.90951202024724 1 [1 1 1 1 1 1 0 1 1 1] 1 9 0\n",
      "Y: 18.90951202024724 6 [1 1 2 1 1 1 0 1 1 1] 1 8 1\n",
      "Y: 20.839798083455634 4 [1 1 0 1 1 1 2 1 1 0] 2 7 1\n",
      "Y: 21.064688275720158 7 [1 1 2 1 1 1 0 1 1 0] 2 7 1\n",
      "Y: 22.448145705041163 8 [1 1 0 1 0 1 2 1 1 0] 3 6 1\n",
      "Y: 22.781498167892412 9 [1 1 2 1 1 0 0 1 1 0] 3 6 1\n",
      "Y: 23.284220298678054 11 [1 1 2 0 1 0 0 1 1 0] 4 5 1\n",
      "Y: 23.492364131062516 10 [1 1 0 1 0 0 2 1 1 0] 4 5 1\n",
      "Y: 23.734219564678774 5 [1 1 0 1 1 1 0 1 1 1] 2 8 0\n",
      "Y: 23.734219564678774 14 [1 1 0 1 1 1 0 1 1 2] 2 7 1\n",
      "Y: 23.916233815023865 12 [0 1 2 0 1 0 0 1 1 0] 5 4 1\n",
      "Y: 24.042617517810413 13 [0 1 0 1 0 0 2 1 1 0] 5 4 1\n",
      "Y: 24.043159504177837 15 [0 1 2 0 1 0 0 0 1 0] 6 3 1\n",
      "Y: 24.063762012294355 16 [0 0 2 0 1 0 0 0 1 0] 7 2 1\n",
      "Y: 24.064763520549263 17 [0 0 2 0 0 0 0 0 1 0] 8 1 1\n",
      "alg. converged\n",
      "start, end: 3.776869 3.801166\n",
      "xibb: [[0.       ]\n",
      " [0.       ]\n",
      " [2.3795651]\n",
      " [0.       ]\n",
      " [0.       ]\n",
      " [0.       ]\n",
      " [0.       ]\n",
      " [0.       ]\n",
      " [0.       ]\n",
      " [0.       ]]\n",
      "fibb: 24.06480760605276\n",
      "CPU ibb: 0.02429699999999979\n",
      "ipiv0: [1 0 2 7 9 6 5 3 8 4]\n",
      "ipiv1: []\n",
      "npiv0, npiv00: 10 10\n",
      "alg. converged\n",
      "start, end: 3.801252 3.806266\n",
      "xibbef: [[0.       ]\n",
      " [0.       ]\n",
      " [2.3795651]\n",
      " [0.       ]\n",
      " [0.       ]\n",
      " [0.       ]\n",
      " [0.       ]\n",
      " [0.       ]\n",
      " [0.       ]\n",
      " [0.       ]]\n",
      "fibbef: 24.06480760605276\n",
      "CPU ibbef: 0.005014000000000074\n",
      "obj: -1.9010812523286669 <gurobi.Var *Awaiting Model Update*> + -0.30568462238074057 <gurobi.Var *Awaiting Model Update*> + -4.75913020377548 <gurobi.Var *Awaiting Model Update*> + -1.2632517018432692 <gurobi.Var *Awaiting Model Update*> + -1.1088796796128677 <gurobi.Var *Awaiting Model Update*> + -2.3528108310894558 <gurobi.Var *Awaiting Model Update*> + -4.446713244998597 <gurobi.Var *Awaiting Model Update*> + 1.2683279027700198 <gurobi.Var *Awaiting Model Update*> + -0.06372358354265262 <gurobi.Var *Awaiting Model Update*> + -3.6757857071541835 <gurobi.Var *Awaiting Model Update*> + [ 0.9999999999999998 <gurobi.Var *Awaiting Model Update*> ^ 2 + -0.07429386983462319 <gurobi.Var *Awaiting Model Update*> * <gurobi.Var *Awaiting Model Update*> + 0.06461492093857267 <gurobi.Var *Awaiting Model Update*> * <gurobi.Var *Awaiting Model Update*> + 0.31523317711260296 <gurobi.Var *Awaiting Model Update*> * <gurobi.Var *Awaiting Model Update*> + -0.1958827250399496 <gurobi.Var *Awaiting Model Update*> * <gurobi.Var *Awaiting Model Update*> + 0.11854469103781883 <gurobi.Var *Awaiting Model Update*> * <gurobi.Var *Awaiting Model Update*> + -0.006239342158096946 <gurobi.Var *Awaiting Model Update*> * <gurobi.Var *Awaiting Model Update*> + -0.1261158721358527 <gurobi.Var *Awaiting Model Update*> * <gurobi.Var *Awaiting Model Update*> + 0.11408188504107061 <gurobi.Var *Awaiting Model Update*> * <gurobi.Var *Awaiting Model Update*> + 0.10572115726026438 <gurobi.Var *Awaiting Model Update*> * <gurobi.Var *Awaiting Model Update*> + -0.07429386983462319 <gurobi.Var *Awaiting Model Update*> * <gurobi.Var *Awaiting Model Update*> + <gurobi.Var *Awaiting Model Update*> ^ 2 + 0.014453075764713929 <gurobi.Var *Awaiting Model Update*> * <gurobi.Var *Awaiting Model Update*> + -0.05117402677527244 <gurobi.Var *Awaiting Model Update*> * <gurobi.Var *Awaiting Model Update*> + 0.25189770614454465 <gurobi.Var *Awaiting Model Update*> * <gurobi.Var *Awaiting Model Update*> + 0.19569596903221578 <gurobi.Var *Awaiting Model Update*> * <gurobi.Var *Awaiting Model Update*> + 0.2217592632217403 <gurobi.Var *Awaiting Model Update*> * <gurobi.Var *Awaiting Model Update*> + -0.07767100660295317 <gurobi.Var *Awaiting Model Update*> * <gurobi.Var *Awaiting Model Update*> + 0.3040649712039511 <gurobi.Var *Awaiting Model Update*> * <gurobi.Var *Awaiting Model Update*> + -0.3237507540350922 <gurobi.Var *Awaiting Model Update*> * <gurobi.Var *Awaiting Model Update*> + 0.06461492093857267 <gurobi.Var *Awaiting Model Update*> * <gurobi.Var *Awaiting Model Update*> + 0.014453075764713929 <gurobi.Var *Awaiting Model Update*> * <gurobi.Var *Awaiting Model Update*> + <gurobi.Var *Awaiting Model Update*> ^ 2 + -0.09989587724370808 <gurobi.Var *Awaiting Model Update*> * <gurobi.Var *Awaiting Model Update*> + 0.24543935218972837 <gurobi.Var *Awaiting Model Update*> * <gurobi.Var *Awaiting Model Update*> + -0.10112691497213144 <gurobi.Var *Awaiting Model Update*> * <gurobi.Var *Awaiting Model Update*> + 0.06016814676764279 <gurobi.Var *Awaiting Model Update*> * <gurobi.Var *Awaiting Model Update*> + -0.11101187065232589 <gurobi.Var *Awaiting Model Update*> * <gurobi.Var *Awaiting Model Update*> + 0.016179685170998555 <gurobi.Var *Awaiting Model Update*> * <gurobi.Var *Awaiting Model Update*> + 0.1409000851744685 <gurobi.Var *Awaiting Model Update*> * <gurobi.Var *Awaiting Model Update*> + 0.31523317711260296 <gurobi.Var *Awaiting Model Update*> * <gurobi.Var *Awaiting Model Update*> + -0.05117402677527244 <gurobi.Var *Awaiting Model Update*> * <gurobi.Var *Awaiting Model Update*> + -0.09989587724370808 <gurobi.Var *Awaiting Model Update*> * <gurobi.Var *Awaiting Model Update*> + 1.0000000000000002 <gurobi.Var *Awaiting Model Update*> ^ 2 + -0.08074279126930275 <gurobi.Var *Awaiting Model Update*> * <gurobi.Var *Awaiting Model Update*> + 0.11481268188679233 <gurobi.Var *Awaiting Model Update*> * <gurobi.Var *Awaiting Model Update*> + -0.0035592946725473947 <gurobi.Var *Awaiting Model Update*> * <gurobi.Var *Awaiting Model Update*> + 0.08450841884965667 <gurobi.Var *Awaiting Model Update*> * <gurobi.Var *Awaiting Model Update*> + 0.12170218248755199 <gurobi.Var *Awaiting Model Update*> * <gurobi.Var *Awaiting Model Update*> + 0.03604514419079244 <gurobi.Var *Awaiting Model Update*> * <gurobi.Var *Awaiting Model Update*> + -0.1958827250399496 <gurobi.Var *Awaiting Model Update*> * <gurobi.Var *Awaiting Model Update*> + 0.25189770614454465 <gurobi.Var *Awaiting Model Update*> * <gurobi.Var *Awaiting Model Update*> + 0.24543935218972837 <gurobi.Var *Awaiting Model Update*> * <gurobi.Var *Awaiting Model Update*> + -0.08074279126930275 <gurobi.Var *Awaiting Model Update*> * <gurobi.Var *Awaiting Model Update*> + 0.9999999999999997 <gurobi.Var *Awaiting Model Update*> ^ 2 + -0.20705237492931494 <gurobi.Var *Awaiting Model Update*> * <gurobi.Var *Awaiting Model Update*> + -0.032888457781413284 <gurobi.Var *Awaiting Model Update*> * <gurobi.Var *Awaiting Model Update*> + 0.14832964473205382 <gurobi.Var *Awaiting Model Update*> * <gurobi.Var *Awaiting Model Update*> + -0.12040378747599453 <gurobi.Var *Awaiting Model Update*> * <gurobi.Var *Awaiting Model Update*> + 0.1440370427261359 <gurobi.Var *Awaiting Model Update*> * <gurobi.Var *Awaiting Model Update*> + 0.11854469103781883 <gurobi.Var *Awaiting Model Update*> * <gurobi.Var *Awaiting Model Update*> + 0.19569596903221578 <gurobi.Var *Awaiting Model Update*> * <gurobi.Var *Awaiting Model Update*> + -0.10112691497213144 <gurobi.Var *Awaiting Model Update*> * <gurobi.Var *Awaiting Model Update*> + 0.11481268188679233 <gurobi.Var *Awaiting Model Update*> * <gurobi.Var *Awaiting Model Update*> + -0.20705237492931494 <gurobi.Var *Awaiting Model Update*> * <gurobi.Var *Awaiting Model Update*> + 1.0000000000000002 <gurobi.Var *Awaiting Model Update*> ^ 2 + 0.032790746725443895 <gurobi.Var *Awaiting Model Update*> * <gurobi.Var *Awaiting Model Update*> + -0.10584774686118383 <gurobi.Var *Awaiting Model Update*> * <gurobi.Var *Awaiting Model Update*> + 0.07847833991500491 <gurobi.Var *Awaiting Model Update*> * <gurobi.Var *Awaiting Model Update*> + 0.12345622774603122 <gurobi.Var *Awaiting Model Update*> * <gurobi.Var *Awaiting Model Update*> + -0.006239342158096946 <gurobi.Var *Awaiting Model Update*> * <gurobi.Var *Awaiting Model Update*> + 0.2217592632217403 <gurobi.Var *Awaiting Model Update*> * <gurobi.Var *Awaiting Model Update*> + 0.06016814676764279 <gurobi.Var *Awaiting Model Update*> * <gurobi.Var *Awaiting Model Update*> + -0.0035592946725473947 <gurobi.Var *Awaiting Model Update*> * <gurobi.Var *Awaiting Model Update*> + -0.032888457781413284 <gurobi.Var *Awaiting Model Update*> * <gurobi.Var *Awaiting Model Update*> + 0.032790746725443895 <gurobi.Var *Awaiting Model Update*> * <gurobi.Var *Awaiting Model Update*> + <gurobi.Var *Awaiting Model Update*> ^ 2 + -0.11499446120783974 <gurobi.Var *Awaiting Model Update*> * <gurobi.Var *Awaiting Model Update*> + 0.09030754923857151 <gurobi.Var *Awaiting Model Update*> * <gurobi.Var *Awaiting Model Update*> + -0.1596583879759374 <gurobi.Var *Awaiting Model Update*> * <gurobi.Var *Awaiting Model Update*> + -0.1261158721358527 <gurobi.Var *Awaiting Model Update*> * <gurobi.Var *Awaiting Model Update*> + -0.07767100660295317 <gurobi.Var *Awaiting Model Update*> * <gurobi.Var *Awaiting Model Update*> + -0.11101187065232589 <gurobi.Var *Awaiting Model Update*> * <gurobi.Var *Awaiting Model Update*> + 0.08450841884965667 <gurobi.Var *Awaiting Model Update*> * <gurobi.Var *Awaiting Model Update*> + 0.14832964473205382 <gurobi.Var *Awaiting Model Update*> * <gurobi.Var *Awaiting Model Update*> + -0.10584774686118383 <gurobi.Var *Awaiting Model Update*> * <gurobi.Var *Awaiting Model Update*> + -0.11499446120783974 <gurobi.Var *Awaiting Model Update*> * <gurobi.Var *Awaiting Model Update*> + 0.9999999999999999 <gurobi.Var *Awaiting Model Update*> ^ 2 + -0.0190539134056985 <gurobi.Var *Awaiting Model Update*> * <gurobi.Var *Awaiting Model Update*> + -0.12078687323848838 <gurobi.Var *Awaiting Model Update*> * <gurobi.Var *Awaiting Model Update*> + 0.11408188504107061 <gurobi.Var *Awaiting Model Update*> * <gurobi.Var *Awaiting Model Update*> + 0.3040649712039511 <gurobi.Var *Awaiting Model Update*> * <gurobi.Var *Awaiting Model Update*> + 0.016179685170998555 <gurobi.Var *Awaiting Model Update*> * <gurobi.Var *Awaiting Model Update*> + 0.12170218248755199 <gurobi.Var *Awaiting Model Update*> * <gurobi.Var *Awaiting Model Update*> + -0.12040378747599453 <gurobi.Var *Awaiting Model Update*> * <gurobi.Var *Awaiting Model Update*> + 0.07847833991500491 <gurobi.Var *Awaiting Model Update*> * <gurobi.Var *Awaiting Model Update*> + 0.09030754923857151 <gurobi.Var *Awaiting Model Update*> * <gurobi.Var *Awaiting Model Update*> + -0.0190539134056985 <gurobi.Var *Awaiting Model Update*> * <gurobi.Var *Awaiting Model Update*> + 1.0000000000000002 <gurobi.Var *Awaiting Model Update*> ^ 2 + 0.20786569259669016 <gurobi.Var *Awaiting Model Update*> * <gurobi.Var *Awaiting Model Update*> + 0.10572115726026438 <gurobi.Var *Awaiting Model Update*> * <gurobi.Var *Awaiting Model Update*> + -0.3237507540350922 <gurobi.Var *Awaiting Model Update*> * <gurobi.Var *Awaiting Model Update*> + 0.1409000851744685 <gurobi.Var *Awaiting Model Update*> * <gurobi.Var *Awaiting Model Update*> + 0.03604514419079244 <gurobi.Var *Awaiting Model Update*> * <gurobi.Var *Awaiting Model Update*> + 0.1440370427261359 <gurobi.Var *Awaiting Model Update*> * <gurobi.Var *Awaiting Model Update*> + 0.12345622774603122 <gurobi.Var *Awaiting Model Update*> * <gurobi.Var *Awaiting Model Update*> + -0.1596583879759374 <gurobi.Var *Awaiting Model Update*> * <gurobi.Var *Awaiting Model Update*> + -0.12078687323848838 <gurobi.Var *Awaiting Model Update*> * <gurobi.Var *Awaiting Model Update*> + 0.20786569259669016 <gurobi.Var *Awaiting Model Update*> * <gurobi.Var *Awaiting Model Update*> + <gurobi.Var *Awaiting Model Update*> ^ 2 ]\n",
      "Gurobi Optimizer version 12.0.1 build v12.0.1rc0 (mac64[arm] - Darwin 24.4.0 24E263)\n",
      "\n",
      "CPU model: Apple M3\n",
      "Thread count: 8 physical cores, 8 logical processors, using up to 8 threads\n",
      "\n",
      "Optimize a model with 21 rows, 20 columns and 50 nonzeros\n",
      "Model fingerprint: 0x0e5b8522\n",
      "Model has 55 quadratic objective terms\n",
      "Variable types: 10 continuous, 10 integer (10 binary)\n",
      "Coefficient statistics:\n",
      "  Matrix range     [1e+00, 4e+00]\n",
      "  Objective range  [6e-02, 5e+00]\n",
      "  QObjective range [1e-02, 2e+00]\n",
      "  Bounds range     [1e+00, 4e+00]\n",
      "  RHS range        [1e+00, 1e+00]\n",
      "Presolve time: 0.00s\n",
      "Presolved: 51 rows, 30 columns, 110 nonzeros\n",
      "Presolved model has 65 quadratic objective terms\n",
      "Variable types: 20 continuous, 10 integer (10 binary)\n",
      "Found heuristic solution: objective -0.9035275\n",
      "Found heuristic solution: objective -3.3778501\n",
      "\n",
      "Root relaxation: objective -1.189508e+01, 47 iterations, 0.00 seconds (0.00 work units)\n",
      "\n",
      "    Nodes    |    Current Node    |     Objective Bounds      |     Work\n",
      " Expl Unexpl |  Obj  Depth IntInf | Incumbent    BestBd   Gap | It/Node Time\n",
      "\n",
      "     0     0  -11.89508    0    4   -3.37785  -11.89508   252%     -    0s\n",
      "H    0     0                      -4.9433147  -11.89508   141%     -    0s\n",
      "H    0     0                      -5.6623301  -11.89508   110%     -    0s\n",
      "\n",
      "Explored 1 nodes (47 simplex iterations) in 0.01 seconds (0.00 work units)\n",
      "Thread count was 8 (of 8 available processors)\n",
      "\n",
      "Solution count 4: -5.66233 -4.94331 -3.37785 -0.903527 \n",
      "No other solutions better than -5.66233\n",
      "\n",
      "Optimal solution found (tolerance 1.00e-04)\n",
      "Best objective -5.662330074122e+00, best bound -5.662330074122e+00, gap 0.0000%\n",
      "xmio: [0.0, 0.0, 2.37956510188774, 0.0, 0.0, 0.0, 0.0, 0.0, 0.0, 0.0]\n",
      "bx: [[-11.32466015]]\n",
      "xAx: [[11.32466015]]\n",
      "fxout: [[24.06480761]]\n",
      "xmio: [[0.       ]\n",
      " [0.       ]\n",
      " [2.3795651]\n",
      " [0.       ]\n",
      " [0.       ]\n",
      " [0.       ]\n",
      " [0.       ]\n",
      " [0.       ]\n",
      " [0.       ]\n",
      " [0.       ]]\n",
      "fmio: 24.06480760605276\n",
      "CPU mio: 0.043007999999999935\n",
      "x0,fx0: [[0.        ]\n",
      " [0.        ]\n",
      " [2.25394962]\n",
      " [0.        ]\n",
      " [0.        ]\n",
      " [0.        ]\n",
      " [2.08774065]\n",
      " [0.        ]\n",
      " [0.        ]\n",
      " [0.        ]] 19.721925829687354\n",
      "A: [[ 2.         -0.14858774  0.12922984  0.63046635 -0.39176545  0.23708938\n",
      "  -0.01247868 -0.25223174  0.22816377  0.21144231]\n",
      " [-0.14858774  2.          0.02890615 -0.10234805  0.50379541  0.39139194\n",
      "   0.44351853 -0.15534201  0.60812994 -0.64750151]\n",
      " [ 0.12922984  0.02890615  2.         -0.19979175  0.4908787  -0.20225383\n",
      "   0.12033629 -0.22202374  0.03235937  0.28180017]\n",
      " [ 0.63046635 -0.10234805 -0.19979175  2.         -0.16148558  0.22962536\n",
      "  -0.00711859  0.16901684  0.24340436  0.07209029]\n",
      " [-0.39176545  0.50379541  0.4908787  -0.16148558  2.         -0.41410475\n",
      "  -0.06577692  0.29665929 -0.24080757  0.28807409]\n",
      " [ 0.23708938  0.39139194 -0.20225383  0.22962536 -0.41410475  2.\n",
      "   0.06558149 -0.21169549  0.15695668  0.24691246]\n",
      " [-0.01247868  0.44351853  0.12033629 -0.00711859 -0.06577692  0.06558149\n",
      "   2.         -0.22998892  0.1806151  -0.31931678]\n",
      " [-0.25223174 -0.15534201 -0.22202374  0.16901684  0.29665929 -0.21169549\n",
      "  -0.22998892  2.         -0.03810783 -0.24157375]\n",
      " [ 0.22816377  0.60812994  0.03235937  0.24340436 -0.24080757  0.15695668\n",
      "   0.1806151  -0.03810783  2.          0.41573139]\n",
      " [ 0.21144231 -0.64750151  0.28180017  0.07209029  0.28807409  0.24691246\n",
      "  -0.31931678 -0.24157375  0.41573139  2.        ]]\n",
      "b: [[-1.90108125]\n",
      " [-0.30568462]\n",
      " [-4.7591302 ]\n",
      " [-1.2632517 ]\n",
      " [-1.10887968]\n",
      " [-2.35281083]\n",
      " [-4.44671324]\n",
      " [ 1.2683279 ]\n",
      " [-0.06372358]\n",
      " [-3.67578571]]\n",
      "p type: int64\n",
      "Y: 13.541658283559308 0 [1 1 1 1 1 1 1 1 1 1] 0 10 0\n",
      "Y: 13.541658283559308 2 [1 1 1 1 1 1 2 1 1 1] 0 9 1\n",
      "Y: 13.541658283559308 4 [1 1 1 1 1 1 2 1 1 2] 0 8 2\n",
      "Y: 16.431631017372446 3 [1 1 1 1 1 1 2 1 1 0] 1 8 1\n",
      "Y: 16.431631017372446 6 [1 1 2 1 1 1 2 1 1 0] 1 7 2\n",
      "Y: 17.56457498230185 5 [1 1 0 1 1 1 2 1 1 2] 1 7 2\n",
      "Y: 18.222679339064648 8 [1 1 0 1 1 1 2 1 0 2] 2 6 2\n",
      "Y: 18.373720678813967 7 [1 1 2 1 1 0 2 1 1 0] 2 6 2\n",
      "Y: 18.80881832114268 10 [1 1 2 0 1 0 2 1 1 0] 3 5 2\n",
      "Y: 18.889626608741985 9 [1 1 0 1 1 0 2 1 0 2] 3 5 2\n",
      "Y: 18.909512020301747 1 [1 1 1 1 1 1 0 1 1 1] 1 9 0\n",
      "Y: 18.909512020301747 13 [1 1 2 1 1 1 0 1 1 1] 1 8 1\n",
      "Y: 18.909512020301747 14 [1 1 2 1 1 1 0 1 1 2] 1 7 2\n",
      "Y: 19.315713648572135 12 [0 1 0 1 1 0 2 1 0 2] 4 4 2\n",
      "Y: 19.435408345948474 15 [1 0 2 1 1 1 0 1 1 2] 2 6 2\n",
      "Y: 19.52379700279847 11 [0 1 2 0 1 0 2 1 1 0] 4 4 2\n",
      "Y: 19.656902024108277 17 [0 0 2 0 1 0 2 1 1 0] 5 3 2\n",
      "Y: 19.68294231933439 16 [0 1 0 0 1 0 2 1 0 2] 5 3 2\n",
      "Y: 19.690770604644957 18 [0 0 2 0 1 0 2 1 0 0] 6 2 2\n",
      "Y: 19.716714799100924 19 [0 0 2 0 1 0 2 0 0 0] 7 1 2\n",
      "alg. converged\n",
      "start, end: 3.855292 3.887831\n",
      "xibb: [[0.        ]\n",
      " [0.        ]\n",
      " [2.25394962]\n",
      " [0.        ]\n",
      " [0.        ]\n",
      " [0.        ]\n",
      " [2.08774065]\n",
      " [0.        ]\n",
      " [0.        ]\n",
      " [0.        ]]\n",
      "fibb: 19.721925829687354\n",
      "CPU ibb: 0.032538999999999874\n",
      "ipiv0: [1 0 2 7 9 6 5 3 8 4]\n",
      "ipiv1: []\n",
      "npiv0, npiv00: 10 10\n",
      "alg. converged\n",
      "start, end: 3.887902 3.900189\n",
      "xibbef: [[0.        ]\n",
      " [0.        ]\n",
      " [2.25394962]\n",
      " [0.        ]\n",
      " [0.        ]\n",
      " [0.        ]\n",
      " [2.08774065]\n",
      " [0.        ]\n",
      " [0.        ]\n",
      " [0.        ]]\n",
      "fibbef: 19.721925829687354\n",
      "CPU ibbef: 0.012287000000000159\n",
      "obj: -1.9010812523286669 <gurobi.Var *Awaiting Model Update*> + -0.30568462238074057 <gurobi.Var *Awaiting Model Update*> + -4.75913020377548 <gurobi.Var *Awaiting Model Update*> + -1.2632517018432692 <gurobi.Var *Awaiting Model Update*> + -1.1088796796128677 <gurobi.Var *Awaiting Model Update*> + -2.3528108310894558 <gurobi.Var *Awaiting Model Update*> + -4.446713244998597 <gurobi.Var *Awaiting Model Update*> + 1.2683279027700198 <gurobi.Var *Awaiting Model Update*> + -0.06372358354265262 <gurobi.Var *Awaiting Model Update*> + -3.6757857071541835 <gurobi.Var *Awaiting Model Update*> + [ 0.9999999999999998 <gurobi.Var *Awaiting Model Update*> ^ 2 + -0.07429386983462319 <gurobi.Var *Awaiting Model Update*> * <gurobi.Var *Awaiting Model Update*> + 0.06461492093857267 <gurobi.Var *Awaiting Model Update*> * <gurobi.Var *Awaiting Model Update*> + 0.31523317711260296 <gurobi.Var *Awaiting Model Update*> * <gurobi.Var *Awaiting Model Update*> + -0.1958827250399496 <gurobi.Var *Awaiting Model Update*> * <gurobi.Var *Awaiting Model Update*> + 0.11854469103781883 <gurobi.Var *Awaiting Model Update*> * <gurobi.Var *Awaiting Model Update*> + -0.006239342158096946 <gurobi.Var *Awaiting Model Update*> * <gurobi.Var *Awaiting Model Update*> + -0.1261158721358527 <gurobi.Var *Awaiting Model Update*> * <gurobi.Var *Awaiting Model Update*> + 0.11408188504107061 <gurobi.Var *Awaiting Model Update*> * <gurobi.Var *Awaiting Model Update*> + 0.10572115726026438 <gurobi.Var *Awaiting Model Update*> * <gurobi.Var *Awaiting Model Update*> + -0.07429386983462319 <gurobi.Var *Awaiting Model Update*> * <gurobi.Var *Awaiting Model Update*> + <gurobi.Var *Awaiting Model Update*> ^ 2 + 0.014453075764713929 <gurobi.Var *Awaiting Model Update*> * <gurobi.Var *Awaiting Model Update*> + -0.05117402677527244 <gurobi.Var *Awaiting Model Update*> * <gurobi.Var *Awaiting Model Update*> + 0.25189770614454465 <gurobi.Var *Awaiting Model Update*> * <gurobi.Var *Awaiting Model Update*> + 0.19569596903221578 <gurobi.Var *Awaiting Model Update*> * <gurobi.Var *Awaiting Model Update*> + 0.2217592632217403 <gurobi.Var *Awaiting Model Update*> * <gurobi.Var *Awaiting Model Update*> + -0.07767100660295317 <gurobi.Var *Awaiting Model Update*> * <gurobi.Var *Awaiting Model Update*> + 0.3040649712039511 <gurobi.Var *Awaiting Model Update*> * <gurobi.Var *Awaiting Model Update*> + -0.3237507540350922 <gurobi.Var *Awaiting Model Update*> * <gurobi.Var *Awaiting Model Update*> + 0.06461492093857267 <gurobi.Var *Awaiting Model Update*> * <gurobi.Var *Awaiting Model Update*> + 0.014453075764713929 <gurobi.Var *Awaiting Model Update*> * <gurobi.Var *Awaiting Model Update*> + <gurobi.Var *Awaiting Model Update*> ^ 2 + -0.09989587724370808 <gurobi.Var *Awaiting Model Update*> * <gurobi.Var *Awaiting Model Update*> + 0.24543935218972837 <gurobi.Var *Awaiting Model Update*> * <gurobi.Var *Awaiting Model Update*> + -0.10112691497213144 <gurobi.Var *Awaiting Model Update*> * <gurobi.Var *Awaiting Model Update*> + 0.06016814676764279 <gurobi.Var *Awaiting Model Update*> * <gurobi.Var *Awaiting Model Update*> + -0.11101187065232589 <gurobi.Var *Awaiting Model Update*> * <gurobi.Var *Awaiting Model Update*> + 0.016179685170998555 <gurobi.Var *Awaiting Model Update*> * <gurobi.Var *Awaiting Model Update*> + 0.1409000851744685 <gurobi.Var *Awaiting Model Update*> * <gurobi.Var *Awaiting Model Update*> + 0.31523317711260296 <gurobi.Var *Awaiting Model Update*> * <gurobi.Var *Awaiting Model Update*> + -0.05117402677527244 <gurobi.Var *Awaiting Model Update*> * <gurobi.Var *Awaiting Model Update*> + -0.09989587724370808 <gurobi.Var *Awaiting Model Update*> * <gurobi.Var *Awaiting Model Update*> + 1.0000000000000002 <gurobi.Var *Awaiting Model Update*> ^ 2 + -0.08074279126930275 <gurobi.Var *Awaiting Model Update*> * <gurobi.Var *Awaiting Model Update*> + 0.11481268188679233 <gurobi.Var *Awaiting Model Update*> * <gurobi.Var *Awaiting Model Update*> + -0.0035592946725473947 <gurobi.Var *Awaiting Model Update*> * <gurobi.Var *Awaiting Model Update*> + 0.08450841884965667 <gurobi.Var *Awaiting Model Update*> * <gurobi.Var *Awaiting Model Update*> + 0.12170218248755199 <gurobi.Var *Awaiting Model Update*> * <gurobi.Var *Awaiting Model Update*> + 0.03604514419079244 <gurobi.Var *Awaiting Model Update*> * <gurobi.Var *Awaiting Model Update*> + -0.1958827250399496 <gurobi.Var *Awaiting Model Update*> * <gurobi.Var *Awaiting Model Update*> + 0.25189770614454465 <gurobi.Var *Awaiting Model Update*> * <gurobi.Var *Awaiting Model Update*> + 0.24543935218972837 <gurobi.Var *Awaiting Model Update*> * <gurobi.Var *Awaiting Model Update*> + -0.08074279126930275 <gurobi.Var *Awaiting Model Update*> * <gurobi.Var *Awaiting Model Update*> + 0.9999999999999997 <gurobi.Var *Awaiting Model Update*> ^ 2 + -0.20705237492931494 <gurobi.Var *Awaiting Model Update*> * <gurobi.Var *Awaiting Model Update*> + -0.032888457781413284 <gurobi.Var *Awaiting Model Update*> * <gurobi.Var *Awaiting Model Update*> + 0.14832964473205382 <gurobi.Var *Awaiting Model Update*> * <gurobi.Var *Awaiting Model Update*> + -0.12040378747599453 <gurobi.Var *Awaiting Model Update*> * <gurobi.Var *Awaiting Model Update*> + 0.1440370427261359 <gurobi.Var *Awaiting Model Update*> * <gurobi.Var *Awaiting Model Update*> + 0.11854469103781883 <gurobi.Var *Awaiting Model Update*> * <gurobi.Var *Awaiting Model Update*> + 0.19569596903221578 <gurobi.Var *Awaiting Model Update*> * <gurobi.Var *Awaiting Model Update*> + -0.10112691497213144 <gurobi.Var *Awaiting Model Update*> * <gurobi.Var *Awaiting Model Update*> + 0.11481268188679233 <gurobi.Var *Awaiting Model Update*> * <gurobi.Var *Awaiting Model Update*> + -0.20705237492931494 <gurobi.Var *Awaiting Model Update*> * <gurobi.Var *Awaiting Model Update*> + 1.0000000000000002 <gurobi.Var *Awaiting Model Update*> ^ 2 + 0.032790746725443895 <gurobi.Var *Awaiting Model Update*> * <gurobi.Var *Awaiting Model Update*> + -0.10584774686118383 <gurobi.Var *Awaiting Model Update*> * <gurobi.Var *Awaiting Model Update*> + 0.07847833991500491 <gurobi.Var *Awaiting Model Update*> * <gurobi.Var *Awaiting Model Update*> + 0.12345622774603122 <gurobi.Var *Awaiting Model Update*> * <gurobi.Var *Awaiting Model Update*> + -0.006239342158096946 <gurobi.Var *Awaiting Model Update*> * <gurobi.Var *Awaiting Model Update*> + 0.2217592632217403 <gurobi.Var *Awaiting Model Update*> * <gurobi.Var *Awaiting Model Update*> + 0.06016814676764279 <gurobi.Var *Awaiting Model Update*> * <gurobi.Var *Awaiting Model Update*> + -0.0035592946725473947 <gurobi.Var *Awaiting Model Update*> * <gurobi.Var *Awaiting Model Update*> + -0.032888457781413284 <gurobi.Var *Awaiting Model Update*> * <gurobi.Var *Awaiting Model Update*> + 0.032790746725443895 <gurobi.Var *Awaiting Model Update*> * <gurobi.Var *Awaiting Model Update*> + <gurobi.Var *Awaiting Model Update*> ^ 2 + -0.11499446120783974 <gurobi.Var *Awaiting Model Update*> * <gurobi.Var *Awaiting Model Update*> + 0.09030754923857151 <gurobi.Var *Awaiting Model Update*> * <gurobi.Var *Awaiting Model Update*> + -0.1596583879759374 <gurobi.Var *Awaiting Model Update*> * <gurobi.Var *Awaiting Model Update*> + -0.1261158721358527 <gurobi.Var *Awaiting Model Update*> * <gurobi.Var *Awaiting Model Update*> + -0.07767100660295317 <gurobi.Var *Awaiting Model Update*> * <gurobi.Var *Awaiting Model Update*> + -0.11101187065232589 <gurobi.Var *Awaiting Model Update*> * <gurobi.Var *Awaiting Model Update*> + 0.08450841884965667 <gurobi.Var *Awaiting Model Update*> * <gurobi.Var *Awaiting Model Update*> + 0.14832964473205382 <gurobi.Var *Awaiting Model Update*> * <gurobi.Var *Awaiting Model Update*> + -0.10584774686118383 <gurobi.Var *Awaiting Model Update*> * <gurobi.Var *Awaiting Model Update*> + -0.11499446120783974 <gurobi.Var *Awaiting Model Update*> * <gurobi.Var *Awaiting Model Update*> + 0.9999999999999999 <gurobi.Var *Awaiting Model Update*> ^ 2 + -0.0190539134056985 <gurobi.Var *Awaiting Model Update*> * <gurobi.Var *Awaiting Model Update*> + -0.12078687323848838 <gurobi.Var *Awaiting Model Update*> * <gurobi.Var *Awaiting Model Update*> + 0.11408188504107061 <gurobi.Var *Awaiting Model Update*> * <gurobi.Var *Awaiting Model Update*> + 0.3040649712039511 <gurobi.Var *Awaiting Model Update*> * <gurobi.Var *Awaiting Model Update*> + 0.016179685170998555 <gurobi.Var *Awaiting Model Update*> * <gurobi.Var *Awaiting Model Update*> + 0.12170218248755199 <gurobi.Var *Awaiting Model Update*> * <gurobi.Var *Awaiting Model Update*> + -0.12040378747599453 <gurobi.Var *Awaiting Model Update*> * <gurobi.Var *Awaiting Model Update*> + 0.07847833991500491 <gurobi.Var *Awaiting Model Update*> * <gurobi.Var *Awaiting Model Update*> + 0.09030754923857151 <gurobi.Var *Awaiting Model Update*> * <gurobi.Var *Awaiting Model Update*> + -0.0190539134056985 <gurobi.Var *Awaiting Model Update*> * <gurobi.Var *Awaiting Model Update*> + 1.0000000000000002 <gurobi.Var *Awaiting Model Update*> ^ 2 + 0.20786569259669016 <gurobi.Var *Awaiting Model Update*> * <gurobi.Var *Awaiting Model Update*> + 0.10572115726026438 <gurobi.Var *Awaiting Model Update*> * <gurobi.Var *Awaiting Model Update*> + -0.3237507540350922 <gurobi.Var *Awaiting Model Update*> * <gurobi.Var *Awaiting Model Update*> + 0.1409000851744685 <gurobi.Var *Awaiting Model Update*> * <gurobi.Var *Awaiting Model Update*> + 0.03604514419079244 <gurobi.Var *Awaiting Model Update*> * <gurobi.Var *Awaiting Model Update*> + 0.1440370427261359 <gurobi.Var *Awaiting Model Update*> * <gurobi.Var *Awaiting Model Update*> + 0.12345622774603122 <gurobi.Var *Awaiting Model Update*> * <gurobi.Var *Awaiting Model Update*> + -0.1596583879759374 <gurobi.Var *Awaiting Model Update*> * <gurobi.Var *Awaiting Model Update*> + -0.12078687323848838 <gurobi.Var *Awaiting Model Update*> * <gurobi.Var *Awaiting Model Update*> + 0.20786569259669016 <gurobi.Var *Awaiting Model Update*> * <gurobi.Var *Awaiting Model Update*> + <gurobi.Var *Awaiting Model Update*> ^ 2 ]\n",
      "Gurobi Optimizer version 12.0.1 build v12.0.1rc0 (mac64[arm] - Darwin 24.4.0 24E263)\n",
      "\n",
      "CPU model: Apple M3\n",
      "Thread count: 8 physical cores, 8 logical processors, using up to 8 threads\n",
      "\n",
      "Optimize a model with 21 rows, 20 columns and 50 nonzeros\n",
      "Model fingerprint: 0xe82c7cd6\n",
      "Model has 55 quadratic objective terms\n",
      "Variable types: 10 continuous, 10 integer (10 binary)\n",
      "Coefficient statistics:\n",
      "  Matrix range     [1e+00, 4e+00]\n",
      "  Objective range  [6e-02, 5e+00]\n",
      "  QObjective range [1e-02, 2e+00]\n",
      "  Bounds range     [1e+00, 4e+00]\n",
      "  RHS range        [2e+00, 2e+00]\n",
      "Presolve time: 0.00s\n",
      "Presolved: 51 rows, 30 columns, 110 nonzeros\n",
      "Presolved model has 65 quadratic objective terms\n",
      "Variable types: 20 continuous, 10 integer (10 binary)\n",
      "Found heuristic solution: objective -0.9537397\n",
      "Found heuristic solution: objective -3.5060088\n",
      "\n",
      "Root relaxation: objective -1.569971e+01, 47 iterations, 0.00 seconds (0.00 work units)\n",
      "\n",
      "    Nodes    |    Current Node    |     Objective Bounds      |     Work\n",
      " Expl Unexpl |  Obj  Depth IntInf | Incumbent    BestBd   Gap | It/Node Time\n",
      "\n",
      "     0     0  -15.69971    0    8   -3.50601  -15.69971   348%     -    0s\n",
      "H    0     0                      -7.6910898  -15.69971   104%     -    0s\n",
      "H    0     0                     -10.0052119  -15.69971  56.9%     -    0s\n",
      "     0     0  -14.90527    0    8  -10.00521  -14.90527  49.0%     -    0s\n",
      "     0     2  -14.90527    0    8  -10.00521  -14.90527  49.0%     -    0s\n",
      "\n",
      "Explored 8 nodes (91 simplex iterations) in 0.05 seconds (0.00 work units)\n",
      "Thread count was 8 (of 8 available processors)\n",
      "\n",
      "Solution count 4: -10.0052 -7.69109 -3.50601 -0.95374 \n",
      "No other solutions better than -10.0052\n",
      "\n",
      "Optimal solution found (tolerance 1.00e-04)\n",
      "Best objective -1.000521185049e+01, best bound -1.000521185049e+01, gap 0.0000%\n",
      "xmio: [0.0, 0.0, 2.253949615973653, 0.0, 0.0, 0.0, 2.087740651198524, 0.0, 0.0, 0.0]\n",
      "bx: [[-20.0104237]]\n",
      "xAx: [[20.0104237]]\n",
      "fxout: [[19.72192583]]\n",
      "xmio: [[0.        ]\n",
      " [0.        ]\n",
      " [2.25394962]\n",
      " [0.        ]\n",
      " [0.        ]\n",
      " [0.        ]\n",
      " [2.08774065]\n",
      " [0.        ]\n",
      " [0.        ]\n",
      " [0.        ]]\n",
      "fmio: 19.721925829687358\n",
      "CPU mio: 0.067577\n",
      "x0,fx0: [[0.        ]\n",
      " [0.        ]\n",
      " [1.95976459]\n",
      " [0.        ]\n",
      " [0.        ]\n",
      " [0.        ]\n",
      " [2.41638519]\n",
      " [0.        ]\n",
      " [0.        ]\n",
      " [1.94755802]] 16.111861260572205\n",
      "A: [[ 2.         -0.14858774  0.12922984  0.63046635 -0.39176545  0.23708938\n",
      "  -0.01247868 -0.25223174  0.22816377  0.21144231]\n",
      " [-0.14858774  2.          0.02890615 -0.10234805  0.50379541  0.39139194\n",
      "   0.44351853 -0.15534201  0.60812994 -0.64750151]\n",
      " [ 0.12922984  0.02890615  2.         -0.19979175  0.4908787  -0.20225383\n",
      "   0.12033629 -0.22202374  0.03235937  0.28180017]\n",
      " [ 0.63046635 -0.10234805 -0.19979175  2.         -0.16148558  0.22962536\n",
      "  -0.00711859  0.16901684  0.24340436  0.07209029]\n",
      " [-0.39176545  0.50379541  0.4908787  -0.16148558  2.         -0.41410475\n",
      "  -0.06577692  0.29665929 -0.24080757  0.28807409]\n",
      " [ 0.23708938  0.39139194 -0.20225383  0.22962536 -0.41410475  2.\n",
      "   0.06558149 -0.21169549  0.15695668  0.24691246]\n",
      " [-0.01247868  0.44351853  0.12033629 -0.00711859 -0.06577692  0.06558149\n",
      "   2.         -0.22998892  0.1806151  -0.31931678]\n",
      " [-0.25223174 -0.15534201 -0.22202374  0.16901684  0.29665929 -0.21169549\n",
      "  -0.22998892  2.         -0.03810783 -0.24157375]\n",
      " [ 0.22816377  0.60812994  0.03235937  0.24340436 -0.24080757  0.15695668\n",
      "   0.1806151  -0.03810783  2.          0.41573139]\n",
      " [ 0.21144231 -0.64750151  0.28180017  0.07209029  0.28807409  0.24691246\n",
      "  -0.31931678 -0.24157375  0.41573139  2.        ]]\n",
      "b: [[-1.90108125]\n",
      " [-0.30568462]\n",
      " [-4.7591302 ]\n",
      " [-1.2632517 ]\n",
      " [-1.10887968]\n",
      " [-2.35281083]\n",
      " [-4.44671324]\n",
      " [ 1.2683279 ]\n",
      " [-0.06372358]\n",
      " [-3.67578571]]\n",
      "p type: int64\n",
      "Y: 13.541658283573433 0 [1 1 1 1 1 1 1 1 1 1] 0 10 0\n",
      "Y: 13.541658283573433 1 [1 1 1 1 1 1 2 1 1 1] 0 9 1\n",
      "Y: 13.541658283573433 2 [1 1 1 1 1 1 2 1 1 2] 0 8 2\n",
      "Y: 13.541658283573433 3 [1 1 2 1 1 1 2 1 1 2] 0 7 3\n",
      "Y: 14.343810893254293 4 [1 1 2 1 1 1 2 1 0 2] 1 6 3\n",
      "Y: 15.239990376291072 5 [1 1 2 1 1 0 2 1 0 2] 2 5 3\n",
      "Y: 15.580143087876158 6 [1 1 2 0 1 0 2 1 0 2] 3 4 3\n",
      "Y: 15.974788204854573 7 [0 1 2 0 1 0 2 1 0 2] 4 3 3\n",
      "Y: 16.07822952229771 8 [0 0 2 0 1 0 2 1 0 2] 5 2 3\n",
      "Y: 16.102159242225216 9 [0 0 2 0 0 0 2 1 0 2] 6 1 3\n",
      "alg. converged\n",
      "start, end: 3.973693 3.991287\n",
      "xibb: [[0.        ]\n",
      " [0.        ]\n",
      " [1.95976459]\n",
      " [0.        ]\n",
      " [0.        ]\n",
      " [0.        ]\n",
      " [2.41638519]\n",
      " [0.        ]\n",
      " [0.        ]\n",
      " [1.94755802]]\n",
      "fibb: 16.111861260572205\n",
      "CPU ibb: 0.017593999999999888\n",
      "ipiv0: [1 0 2 7 9 6 5 3 8 4]\n",
      "ipiv1: []\n",
      "npiv0, npiv00: 10 10\n",
      "alg. converged\n",
      "start, end: 3.991363 4.010657\n",
      "xibbef: [[0.        ]\n",
      " [0.        ]\n",
      " [1.95976459]\n",
      " [0.        ]\n",
      " [0.        ]\n",
      " [0.        ]\n",
      " [2.41638519]\n",
      " [0.        ]\n",
      " [0.        ]\n",
      " [1.94755802]]\n",
      "fibbef: 16.111861260572205\n",
      "CPU ibbef: 0.019293999999999922\n",
