{
 "cells": [
  {
   "cell_type": "code",
   "execution_count": null,
   "id": "9242d46e",
   "metadata": {},
   "outputs": [
    {
     "name": "stdout",
     "output_type": "stream",
     "text": [
      "x0,fx0: [[  0.        ]\n",
      " [ 12.93229496]\n",
      " [  0.        ]\n",
      " [  0.        ]\n",
      " [-19.04406173]\n",
      " [  0.        ]\n",
      " [  0.        ]\n",
      " [  0.        ]] 12938.291375740315\n",
      "A: [[ 2.         -0.11705112  0.06933272 -0.09939571 -0.19796162  0.12985488\n",
      "   0.01349761 -0.03215592]\n",
      " [-0.11705112  2.          0.07306473 -0.02821169  0.18304428  0.02883831\n",
      "  -0.09583379 -0.12072797]\n",
      " [ 0.06933272  0.07306473  2.          0.0970781  -0.05332915 -0.12819375\n",
      "  -0.05297713 -0.21141942]\n",
      " [-0.09939571 -0.02821169  0.0970781   2.         -0.05141508  0.07134636\n",
      "  -0.24686912  0.09585019]\n",
      " [-0.19796162  0.18304428 -0.05332915 -0.05141508  2.          0.17515946\n",
      "   0.07495507  0.21623856]\n",
      " [ 0.12985488  0.02883831 -0.12819375  0.07134636  0.17515946  2.\n",
      "  -0.10086022  0.01221077]\n",
      " [ 0.01349761 -0.09583379 -0.05297713 -0.24686912  0.07495507 -0.10086022\n",
      "   2.         -0.17915752]\n",
      " [-0.03215592 -0.12072797 -0.21141942  0.09585019  0.21623856  0.01221077\n",
      "  -0.17915752  2.        ]]\n",
      "b: [[  1.90463197]\n",
      " [-22.37868331]\n",
      " [  6.6394096 ]\n",
      " [ -5.13659895]\n",
      " [ 35.7209408 ]\n",
      " [ 11.89643874]\n",
      " [ -3.46552089]\n",
      " [ 21.4609445 ]]\n",
      "p type: int64\n",
      "Y: 12808.103895986105 0 [1 1 1 1 1 1 1 1] 0 8 0\n",
      "Y: 12808.103895986105 2 [1 1 1 1 2 1 1 1] 0 7 1\n",
      "Y: 12808.103895986105 3 [1 2 1 1 2 1 1 1] 0 6 2\n",
      "Y: 12878.49760006855 4 [1 2 1 1 2 1 1 0] 1 5 2\n",
      "Y: 12899.44123383021 5 [1 2 1 1 2 0 1 0] 2 4 2\n",
      "Y: 12917.84553301035 6 [1 2 0 1 2 0 1 0] 3 3 2\n",
      "Y: 12929.270618109942 7 [1 2 0 1 2 0 0 0] 4 2 2\n",
      "Y: 12933.90938923472 8 [1 2 0 0 2 0 0 0] 5 1 2\n",
      "Y: 13117.28655073591 1 [1 1 1 1 0 1 1 1] 1 7 0\n",
      "alg. converged\n",
      "start, end: 2.35033 2.45455\n",
      "xibb: [[  0.        ]\n",
      " [ 12.93229496]\n",
      " [  0.        ]\n",
      " [  0.        ]\n",
      " [-19.04406173]\n",
      " [  0.        ]\n",
      " [  0.        ]\n",
      " [  0.        ]]\n",
      "fibb: 12938.291375740311\n",
      "CPU ibb: 0.10421999999999976\n",
      "ipiv0: [4 6 2 0 1 3 5 7]\n",
      "ipiv1: []\n",
      "npiv0, npiv00: 8 8\n",
      "alg. converged\n",
      "start, end: 2.454615 2.46149\n",
      "xibbef: [[  0.        ]\n",
      " [ 12.93229496]\n",
      " [  0.        ]\n",
      " [  0.        ]\n",
      " [-19.04406173]\n",
      " [  0.        ]\n",
      " [  0.        ]\n",
      " [  0.        ]]\n",
      "fibbef: 12938.291375740311\n",
      "CPU ibbef: 0.0068749999999999645\n",
      "Set parameter Username\n",
      "Set parameter LicenseID to value 2631835\n",
      "Academic license - for non-commercial use only - expires 2026-03-06\n",
      "obj: 1.9046319657482034 <gurobi.Var *Awaiting Model Update*> + -22.378683310110315 <gurobi.Var *Awaiting Model Update*> + 6.63940960362381 <gurobi.Var *Awaiting Model Update*> + -5.136598947694033 <gurobi.Var *Awaiting Model Update*> + 35.72094079792635 <gurobi.Var *Awaiting Model Update*> + 11.896438735335584 <gurobi.Var *Awaiting Model Update*> + -3.465520889939455 <gurobi.Var *Awaiting Model Update*> + 21.460944503456886 <gurobi.Var *Awaiting Model Update*> + [ <gurobi.Var *Awaiting Model Update*> ^ 2 + -0.05852556046846725 <gurobi.Var *Awaiting Model Update*> * <gurobi.Var *Awaiting Model Update*> + 0.034666360248994284 <gurobi.Var *Awaiting Model Update*> * <gurobi.Var *Awaiting Model Update*> + -0.04969785649939759 <gurobi.Var *Awaiting Model Update*> * <gurobi.Var *Awaiting Model Update*> + -0.09898080855365746 <gurobi.Var *Awaiting Model Update*> * <gurobi.Var *Awaiting Model Update*> + 0.06492743818978142 <gurobi.Var *Awaiting Model Update*> * <gurobi.Var *Awaiting Model Update*> + 0.006748804965806328 <gurobi.Var *Awaiting Model Update*> * <gurobi.Var *Awaiting Model Update*> + -0.016077958363393194 <gurobi.Var *Awaiting Model Update*> * <gurobi.Var *Awaiting Model Update*> + -0.05852556046846725 <gurobi.Var *Awaiting Model Update*> * <gurobi.Var *Awaiting Model Update*> + 1.0000000000000002 <gurobi.Var *Awaiting Model Update*> ^ 2 + 0.036532364802681724 <gurobi.Var *Awaiting Model Update*> * <gurobi.Var *Awaiting Model Update*> + -0.014105843909134793 <gurobi.Var *Awaiting Model Update*> * <gurobi.Var *Awaiting Model Update*> + 0.09152214136871267 <gurobi.Var *Awaiting Model Update*> * <gurobi.Var *Awaiting Model Update*> + 0.014419155949095867 <gurobi.Var *Awaiting Model Update*> * <gurobi.Var *Awaiting Model Update*> + -0.04791689604555112 <gurobi.Var *Awaiting Model Update*> * <gurobi.Var *Awaiting Model Update*> + -0.060363986718015544 <gurobi.Var *Awaiting Model Update*> * <gurobi.Var *Awaiting Model Update*> + 0.034666360248994284 <gurobi.Var *Awaiting Model Update*> * <gurobi.Var *Awaiting Model Update*> + 0.036532364802681724 <gurobi.Var *Awaiting Model Update*> * <gurobi.Var *Awaiting Model Update*> + 0.9999999999999993 <gurobi.Var *Awaiting Model Update*> ^ 2 + 0.04853905242832339 <gurobi.Var *Awaiting Model Update*> * <gurobi.Var *Awaiting Model Update*> + -0.026664575531585334 <gurobi.Var *Awaiting Model Update*> * <gurobi.Var *Awaiting Model Update*> + -0.0640968748816141 <gurobi.Var *Awaiting Model Update*> * <gurobi.Var *Awaiting Model Update*> + -0.026488565143130985 <gurobi.Var *Awaiting Model Update*> * <gurobi.Var *Awaiting Model Update*> + -0.10570971122058853 <gurobi.Var *Awaiting Model Update*> * <gurobi.Var *Awaiting Model Update*> + -0.04969785649939759 <gurobi.Var *Awaiting Model Update*> * <gurobi.Var *Awaiting Model Update*> + -0.014105843909134793 <gurobi.Var *Awaiting Model Update*> * <gurobi.Var *Awaiting Model Update*> + 0.04853905242832339 <gurobi.Var *Awaiting Model Update*> * <gurobi.Var *Awaiting Model Update*> + 0.9999999999999998 <gurobi.Var *Awaiting Model Update*> ^ 2 + -0.025707538874918202 <gurobi.Var *Awaiting Model Update*> * <gurobi.Var *Awaiting Model Update*> + 0.03567318029684835 <gurobi.Var *Awaiting Model Update*> * <gurobi.Var *Awaiting Model Update*> + -0.12343456142458537 <gurobi.Var *Awaiting Model Update*> * <gurobi.Var *Awaiting Model Update*> + 0.04792509414798406 <gurobi.Var *Awaiting Model Update*> * <gurobi.Var *Awaiting Model Update*> + -0.09898080855365746 <gurobi.Var *Awaiting Model Update*> * <gurobi.Var *Awaiting Model Update*> + 0.09152214136871267 <gurobi.Var *Awaiting Model Update*> * <gurobi.Var *Awaiting Model Update*> + -0.026664575531585334 <gurobi.Var *Awaiting Model Update*> * <gurobi.Var *Awaiting Model Update*> + -0.025707538874918202 <gurobi.Var *Awaiting Model Update*> * <gurobi.Var *Awaiting Model Update*> + 0.9999999999999991 <gurobi.Var *Awaiting Model Update*> ^ 2 + 0.08757973069151372 <gurobi.Var *Awaiting Model Update*> * <gurobi.Var *Awaiting Model Update*> + 0.0374775327432419 <gurobi.Var *Awaiting Model Update*> * <gurobi.Var *Awaiting Model Update*> + 0.10811927777086626 <gurobi.Var *Awaiting Model Update*> * <gurobi.Var *Awaiting Model Update*> + 0.06492743818978142 <gurobi.Var *Awaiting Model Update*> * <gurobi.Var *Awaiting Model Update*> + 0.014419155949095867 <gurobi.Var *Awaiting Model Update*> * <gurobi.Var *Awaiting Model Update*> + -0.0640968748816141 <gurobi.Var *Awaiting Model Update*> * <gurobi.Var *Awaiting Model Update*> + 0.03567318029684835 <gurobi.Var *Awaiting Model Update*> * <gurobi.Var *Awaiting Model Update*> + 0.08757973069151372 <gurobi.Var *Awaiting Model Update*> * <gurobi.Var *Awaiting Model Update*> + 1.0000000000000004 <gurobi.Var *Awaiting Model Update*> ^ 2 + -0.05043011060170002 <gurobi.Var *Awaiting Model Update*> * <gurobi.Var *Awaiting Model Update*> + 0.006105386108217814 <gurobi.Var *Awaiting Model Update*> * <gurobi.Var *Awaiting Model Update*> + 0.006748804965806328 <gurobi.Var *Awaiting Model Update*> * <gurobi.Var *Awaiting Model Update*> + -0.04791689604555112 <gurobi.Var *Awaiting Model Update*> * <gurobi.Var *Awaiting Model Update*> + -0.026488565143130985 <gurobi.Var *Awaiting Model Update*> * <gurobi.Var *Awaiting Model Update*> + -0.12343456142458537 <gurobi.Var *Awaiting Model Update*> * <gurobi.Var *Awaiting Model Update*> + 0.0374775327432419 <gurobi.Var *Awaiting Model Update*> * <gurobi.Var *Awaiting Model Update*> + -0.05043011060170002 <gurobi.Var *Awaiting Model Update*> * <gurobi.Var *Awaiting Model Update*> + 0.9999999999999993 <gurobi.Var *Awaiting Model Update*> ^ 2 + -0.08957876230850663 <gurobi.Var *Awaiting Model Update*> * <gurobi.Var *Awaiting Model Update*> + -0.016077958363393194 <gurobi.Var *Awaiting Model Update*> * <gurobi.Var *Awaiting Model Update*> + -0.060363986718015544 <gurobi.Var *Awaiting Model Update*> * <gurobi.Var *Awaiting Model Update*> + -0.10570971122058853 <gurobi.Var *Awaiting Model Update*> * <gurobi.Var *Awaiting Model Update*> + 0.04792509414798406 <gurobi.Var *Awaiting Model Update*> * <gurobi.Var *Awaiting Model Update*> + 0.10811927777086626 <gurobi.Var *Awaiting Model Update*> * <gurobi.Var *Awaiting Model Update*> + 0.006105386108217814 <gurobi.Var *Awaiting Model Update*> * <gurobi.Var *Awaiting Model Update*> + -0.08957876230850663 <gurobi.Var *Awaiting Model Update*> * <gurobi.Var *Awaiting Model Update*> + <gurobi.Var *Awaiting Model Update*> ^ 2 ]\n",
      "Gurobi Optimizer version 12.0.1 build v12.0.1rc0 (mac64[arm] - Darwin 24.4.0 24E263)\n",
      "\n",
      "CPU model: Apple M3\n",
      "Thread count: 8 physical cores, 8 logical processors, using up to 8 threads\n",
      "\n",
      "Optimize a model with 17 rows, 16 columns and 40 nonzeros\n",
      "Model fingerprint: 0x67c02ea4\n",
      "Model has 36 quadratic objective terms\n",
      "Variable types: 8 continuous, 8 integer (8 binary)\n",
      "Coefficient statistics:\n",
      "  Matrix range     [1e+00, 4e+00]\n",
      "  Objective range  [2e+00, 4e+01]\n",
      "  QObjective range [2e-02, 2e+00]\n",
      "  Bounds range     [1e+00, 4e+00]\n",
      "  RHS range        [2e+00, 2e+00]\n",
      "Presolve time: 0.00s\n",
      "Presolved: 41 rows, 24 columns, 88 nonzeros\n",
      "Presolved model has 44 quadratic objective terms\n",
      "Variable types: 16 continuous, 8 integer (8 binary)\n",
      "Found heuristic solution: objective -74.0305642\n",
      "\n",
      "Root relaxation: objective -2.066559e+02, 33 iterations, 0.00 seconds (0.00 work units)\n",
      "\n",
      "    Nodes    |    Current Node    |     Objective Bounds      |     Work\n",
      " Expl Unexpl |  Obj  Depth IntInf | Incumbent    BestBd   Gap | It/Node Time\n",
      "\n",
      "     0     0 -206.65591    0    2  -74.03056 -206.65591   179%     -    0s\n",
      "H    0     0                    -203.3272050 -206.65591  1.64%     -    0s\n",
      "\n",
      "Explored 1 nodes (33 simplex iterations) in 0.01 seconds (0.00 work units)\n",
      "Thread count was 8 (of 8 available processors)\n",
      "\n",
      "Solution count 2: -203.327 -74.0306 \n",
      "No other solutions better than -203.327\n",
      "\n",
      "Optimal solution found (tolerance 1.00e-04)\n",
      "Best objective -2.033272049559e+02, best bound -2.033272049559e+02, gap 0.0000%\n",
      "xmio: [0.0, 4.0, 0.0, 0.0, -4.0, 0.0, 0.0, 0.0]\n",
      "bx: [[-232.39849643]]\n",
      "xAx: [[58.14258295]]\n",
      "fxout: [[13219.80393828]]\n",
      "xmio: [[ 0.]\n",
      " [ 4.]\n",
      " [ 0.]\n",
      " [ 0.]\n",
      " [-4.]\n",
      " [ 0.]\n",
      " [ 0.]\n",
      " [ 0.]]\n",
      "fmio: 13219.803938277983\n",
      "CPU mio: 0.04196299999999997\n",
      "12938.291375740311 0.10421999999999976 0.0 [  0.          12.93229496   0.           0.         -19.04406173\n",
      "   0.           0.           0.        ]\n",
      "x0,fx0: [[  0.        ]\n",
      " [ 12.52955654]\n",
      " [ -5.16713827]\n",
      " [  0.        ]\n",
      " [-18.22052248]\n",
      " [  0.        ]\n",
      " [  0.        ]\n",
      " [ -8.55036523]] 12848.603721404159\n",
      "A: [[ 2.         -0.11705112  0.06933272 -0.09939571 -0.19796162  0.12985488\n",
      "   0.01349761 -0.03215592]\n",
      " [-0.11705112  2.          0.07306473 -0.02821169  0.18304428  0.02883831\n",
      "  -0.09583379 -0.12072797]\n",
      " [ 0.06933272  0.07306473  2.          0.0970781  -0.05332915 -0.12819375\n",
      "  -0.05297713 -0.21141942]\n",
      " [-0.09939571 -0.02821169  0.0970781   2.         -0.05141508  0.07134636\n",
      "  -0.24686912  0.09585019]\n",
      " [-0.19796162  0.18304428 -0.05332915 -0.05141508  2.          0.17515946\n",
      "   0.07495507  0.21623856]\n",
      " [ 0.12985488  0.02883831 -0.12819375  0.07134636  0.17515946  2.\n",
      "  -0.10086022  0.01221077]\n",
      " [ 0.01349761 -0.09583379 -0.05297713 -0.24686912  0.07495507 -0.10086022\n",
      "   2.         -0.17915752]\n",
      " [-0.03215592 -0.12072797 -0.21141942  0.09585019  0.21623856  0.01221077\n",
      "  -0.17915752  2.        ]]\n",
      "b: [[  1.90463197]\n",
      " [-22.37868331]\n",
      " [  6.6394096 ]\n",
      " [ -5.13659895]\n",
      " [ 35.7209408 ]\n",
      " [ 11.89643874]\n",
      " [ -3.46552089]\n",
      " [ 21.4609445 ]]\n",
      "p type: int64\n",
      "Y: 12808.103895986105 0 [1 1 1 1 1 1 1 1] 0 8 0\n",
      "Y: 12808.103895986105 2 [1 1 1 1 2 1 1 1] 0 7 1\n",
      "Y: 12808.103895986105 3 [1 2 1 1 2 1 1 1] 0 6 2\n",
      "Y: 12808.103895986105 4 [1 2 1 1 2 1 1 2] 0 5 3\n",
      "Y: 12808.103895986105 6 [1 2 2 1 2 1 1 2] 0 4 4\n",
      "Y: 12830.321426483215 7 [1 2 2 1 2 0 1 2] 1 3 4\n",
      "Y: 12837.922100821557 5 [1 2 0 1 2 1 1 2] 1 4 3\n",
      "Y: 12837.922100821557 9 [1 2 0 1 2 2 1 2] 1 3 4\n",
      "Y: 12840.023065681591 8 [1 2 2 0 2 0 1 2] 2 2 4\n",
      "Y: 12844.626470554762 11 [1 2 2 0 2 0 0 2] 3 1 4\n",
      "Y: 12846.961099884686 10 [1 2 0 0 2 2 1 2] 2 2 4\n",
      "Y: 13117.28655073589 1 [1 1 1 1 0 1 1 1] 1 7 0\n",
      "alg. converged\n",
      "start, end: 2.518406 2.545743\n",
      "xibb: [[  0.        ]\n",
      " [ 12.52955654]\n",
      " [ -5.16713827]\n",
      " [  0.        ]\n",
      " [-18.22052248]\n",
      " [  0.        ]\n",
      " [  0.        ]\n",
      " [ -8.55036523]]\n",
      "fibb: 12848.603721404159\n",
      "CPU ibb: 0.027336999999999723\n",
      "ipiv0: [4 6 2 0 1 3 5 7]\n",
      "ipiv1: []\n",
      "npiv0, npiv00: 8 8\n",
      "alg. converged\n",
      "start, end: 2.545815 2.556068\n",
      "xibbef: [[  0.        ]\n",
      " [ 12.52955654]\n",
      " [ -5.16713827]\n",
      " [  0.        ]\n",
      " [-18.22052248]\n",
      " [  0.        ]\n",
      " [  0.        ]\n",
      " [ -8.55036523]]\n",
      "fibbef: 12848.603721404159\n",
      "CPU ibbef: 0.010252999999999624\n",
      "obj: 1.9046319657482034 <gurobi.Var *Awaiting Model Update*> + -22.378683310110315 <gurobi.Var *Awaiting Model Update*> + 6.63940960362381 <gurobi.Var *Awaiting Model Update*> + -5.136598947694033 <gurobi.Var *Awaiting Model Update*> + 35.72094079792635 <gurobi.Var *Awaiting Model Update*> + 11.896438735335584 <gurobi.Var *Awaiting Model Update*> + -3.465520889939455 <gurobi.Var *Awaiting Model Update*> + 21.460944503456886 <gurobi.Var *Awaiting Model Update*> + [ <gurobi.Var *Awaiting Model Update*> ^ 2 + -0.05852556046846725 <gurobi.Var *Awaiting Model Update*> * <gurobi.Var *Awaiting Model Update*> + 0.034666360248994284 <gurobi.Var *Awaiting Model Update*> * <gurobi.Var *Awaiting Model Update*> + -0.04969785649939759 <gurobi.Var *Awaiting Model Update*> * <gurobi.Var *Awaiting Model Update*> + -0.09898080855365746 <gurobi.Var *Awaiting Model Update*> * <gurobi.Var *Awaiting Model Update*> + 0.06492743818978142 <gurobi.Var *Awaiting Model Update*> * <gurobi.Var *Awaiting Model Update*> + 0.006748804965806328 <gurobi.Var *Awaiting Model Update*> * <gurobi.Var *Awaiting Model Update*> + -0.016077958363393194 <gurobi.Var *Awaiting Model Update*> * <gurobi.Var *Awaiting Model Update*> + -0.05852556046846725 <gurobi.Var *Awaiting Model Update*> * <gurobi.Var *Awaiting Model Update*> + 1.0000000000000002 <gurobi.Var *Awaiting Model Update*> ^ 2 + 0.036532364802681724 <gurobi.Var *Awaiting Model Update*> * <gurobi.Var *Awaiting Model Update*> + -0.014105843909134793 <gurobi.Var *Awaiting Model Update*> * <gurobi.Var *Awaiting Model Update*> + 0.09152214136871267 <gurobi.Var *Awaiting Model Update*> * <gurobi.Var *Awaiting Model Update*> + 0.014419155949095867 <gurobi.Var *Awaiting Model Update*> * <gurobi.Var *Awaiting Model Update*> + -0.04791689604555112 <gurobi.Var *Awaiting Model Update*> * <gurobi.Var *Awaiting Model Update*> + -0.060363986718015544 <gurobi.Var *Awaiting Model Update*> * <gurobi.Var *Awaiting Model Update*> + 0.034666360248994284 <gurobi.Var *Awaiting Model Update*> * <gurobi.Var *Awaiting Model Update*> + 0.036532364802681724 <gurobi.Var *Awaiting Model Update*> * <gurobi.Var *Awaiting Model Update*> + 0.9999999999999993 <gurobi.Var *Awaiting Model Update*> ^ 2 + 0.04853905242832339 <gurobi.Var *Awaiting Model Update*> * <gurobi.Var *Awaiting Model Update*> + -0.026664575531585334 <gurobi.Var *Awaiting Model Update*> * <gurobi.Var *Awaiting Model Update*> + -0.0640968748816141 <gurobi.Var *Awaiting Model Update*> * <gurobi.Var *Awaiting Model Update*> + -0.026488565143130985 <gurobi.Var *Awaiting Model Update*> * <gurobi.Var *Awaiting Model Update*> + -0.10570971122058853 <gurobi.Var *Awaiting Model Update*> * <gurobi.Var *Awaiting Model Update*> + -0.04969785649939759 <gurobi.Var *Awaiting Model Update*> * <gurobi.Var *Awaiting Model Update*> + -0.014105843909134793 <gurobi.Var *Awaiting Model Update*> * <gurobi.Var *Awaiting Model Update*> + 0.04853905242832339 <gurobi.Var *Awaiting Model Update*> * <gurobi.Var *Awaiting Model Update*> + 0.9999999999999998 <gurobi.Var *Awaiting Model Update*> ^ 2 + -0.025707538874918202 <gurobi.Var *Awaiting Model Update*> * <gurobi.Var *Awaiting Model Update*> + 0.03567318029684835 <gurobi.Var *Awaiting Model Update*> * <gurobi.Var *Awaiting Model Update*> + -0.12343456142458537 <gurobi.Var *Awaiting Model Update*> * <gurobi.Var *Awaiting Model Update*> + 0.04792509414798406 <gurobi.Var *Awaiting Model Update*> * <gurobi.Var *Awaiting Model Update*> + -0.09898080855365746 <gurobi.Var *Awaiting Model Update*> * <gurobi.Var *Awaiting Model Update*> + 0.09152214136871267 <gurobi.Var *Awaiting Model Update*> * <gurobi.Var *Awaiting Model Update*> + -0.026664575531585334 <gurobi.Var *Awaiting Model Update*> * <gurobi.Var *Awaiting Model Update*> + -0.025707538874918202 <gurobi.Var *Awaiting Model Update*> * <gurobi.Var *Awaiting Model Update*> + 0.9999999999999991 <gurobi.Var *Awaiting Model Update*> ^ 2 + 0.08757973069151372 <gurobi.Var *Awaiting Model Update*> * <gurobi.Var *Awaiting Model Update*> + 0.0374775327432419 <gurobi.Var *Awaiting Model Update*> * <gurobi.Var *Awaiting Model Update*> + 0.10811927777086626 <gurobi.Var *Awaiting Model Update*> * <gurobi.Var *Awaiting Model Update*> + 0.06492743818978142 <gurobi.Var *Awaiting Model Update*> * <gurobi.Var *Awaiting Model Update*> + 0.014419155949095867 <gurobi.Var *Awaiting Model Update*> * <gurobi.Var *Awaiting Model Update*> + -0.0640968748816141 <gurobi.Var *Awaiting Model Update*> * <gurobi.Var *Awaiting Model Update*> + 0.03567318029684835 <gurobi.Var *Awaiting Model Update*> * <gurobi.Var *Awaiting Model Update*> + 0.08757973069151372 <gurobi.Var *Awaiting Model Update*> * <gurobi.Var *Awaiting Model Update*> + 1.0000000000000004 <gurobi.Var *Awaiting Model Update*> ^ 2 + -0.05043011060170002 <gurobi.Var *Awaiting Model Update*> * <gurobi.Var *Awaiting Model Update*> + 0.006105386108217814 <gurobi.Var *Awaiting Model Update*> * <gurobi.Var *Awaiting Model Update*> + 0.006748804965806328 <gurobi.Var *Awaiting Model Update*> * <gurobi.Var *Awaiting Model Update*> + -0.04791689604555112 <gurobi.Var *Awaiting Model Update*> * <gurobi.Var *Awaiting Model Update*> + -0.026488565143130985 <gurobi.Var *Awaiting Model Update*> * <gurobi.Var *Awaiting Model Update*> + -0.12343456142458537 <gurobi.Var *Awaiting Model Update*> * <gurobi.Var *Awaiting Model Update*> + 0.0374775327432419 <gurobi.Var *Awaiting Model Update*> * <gurobi.Var *Awaiting Model Update*> + -0.05043011060170002 <gurobi.Var *Awaiting Model Update*> * <gurobi.Var *Awaiting Model Update*> + 0.9999999999999993 <gurobi.Var *Awaiting Model Update*> ^ 2 + -0.08957876230850663 <gurobi.Var *Awaiting Model Update*> * <gurobi.Var *Awaiting Model Update*> + -0.016077958363393194 <gurobi.Var *Awaiting Model Update*> * <gurobi.Var *Awaiting Model Update*> + -0.060363986718015544 <gurobi.Var *Awaiting Model Update*> * <gurobi.Var *Awaiting Model Update*> + -0.10570971122058853 <gurobi.Var *Awaiting Model Update*> * <gurobi.Var *Awaiting Model Update*> + 0.04792509414798406 <gurobi.Var *Awaiting Model Update*> * <gurobi.Var *Awaiting Model Update*> + 0.10811927777086626 <gurobi.Var *Awaiting Model Update*> * <gurobi.Var *Awaiting Model Update*> + 0.006105386108217814 <gurobi.Var *Awaiting Model Update*> * <gurobi.Var *Awaiting Model Update*> + -0.08957876230850663 <gurobi.Var *Awaiting Model Update*> * <gurobi.Var *Awaiting Model Update*> + <gurobi.Var *Awaiting Model Update*> ^ 2 ]\n",
      "Gurobi Optimizer version 12.0.1 build v12.0.1rc0 (mac64[arm] - Darwin 24.4.0 24E263)\n",
      "\n",
      "CPU model: Apple M3\n",
      "Thread count: 8 physical cores, 8 logical processors, using up to 8 threads\n",
      "\n",
      "Optimize a model with 17 rows, 16 columns and 40 nonzeros\n",
      "Model fingerprint: 0xa9c5502a\n",
      "Model has 36 quadratic objective terms\n",
      "Variable types: 8 continuous, 8 integer (8 binary)\n",
      "Coefficient statistics:\n",
      "  Matrix range     [1e+00, 4e+00]\n",
      "  Objective range  [2e+00, 4e+01]\n",
      "  QObjective range [2e-02, 2e+00]\n",
      "  Bounds range     [1e+00, 4e+00]\n",
      "  RHS range        [4e+00, 4e+00]\n",
      "Presolve time: 0.00s\n",
      "Presolved: 41 rows, 24 columns, 88 nonzeros\n",
      "Presolved model has 44 quadratic objective terms\n",
      "Variable types: 16 continuous, 8 integer (8 binary)\n",
      "Found heuristic solution: objective -93.5528545\n",
      "Found heuristic solution: objective -223.6049191\n",
      "\n",
      "Root relaxation: objective -3.000556e+02, 37 iterations, 0.00 seconds (0.00 work units)\n",
      "\n",
      "    Nodes    |    Current Node    |     Objective Bounds      |     Work\n",
      " Expl Unexpl |  Obj  Depth IntInf | Incumbent    BestBd   Gap | It/Node Time\n",
      "\n",
      "     0     0 -300.05561    0    2 -223.60492 -300.05561  34.2%     -    0s\n",
      "H    0     0                    -283.7421916 -300.05561  5.75%     -    0s\n",
      "H    0     0                    -296.8287627 -300.05561  1.09%     -    0s\n",
      "\n",
      "Explored 1 nodes (37 simplex iterations) in 0.01 seconds (0.00 work units)\n",
      "Thread count was 8 (of 8 available processors)\n",
      "\n",
      "Solution count 4: -296.829 -283.742 -223.605 -93.5529 \n",
      "No other solutions better than -296.829\n",
      "\n",
      "Optimal solution found (tolerance 1.00e-04)\n",
      "Best objective -2.968287627003e+02, best bound -2.968287627003e+02, gap 0.0000%\n",
      "xmio: [0.0, 4.0, 0.0, 0.0, -4.0, -4.0, 0.0, -4.0]\n",
      "bx: [[-365.82802939]]\n",
      "xAx: [[137.99853337]]\n",
      "fxout: [[13126.30238053]]\n",
      "xmio: [[ 0.]\n",
      " [ 4.]\n",
      " [ 0.]\n",
      " [ 0.]\n",
      " [-4.]\n",
      " [-4.]\n",
      " [ 0.]\n",
      " [-4.]]\n",
      "fmio: 13126.302380533678\n",
      "CPU mio: 0.015009999999999746\n",
      "12848.603721404159 0.027336999999999723 0.0 [  0.          12.52955654  -5.16713827   0.         -18.22052248\n",
      "   0.           0.          -8.55036523]\n",
      "x0,fx0: [[0.        ]\n",
      " [0.        ]\n",
      " [0.        ]\n",
      " [0.        ]\n",
      " [0.        ]\n",
      " [6.00639789]\n",
      " [0.        ]\n",
      " [0.        ]\n",
      " [6.88506238]\n",
      " [0.        ]] 14694.840413119246\n",
      "A: [[ 2.         -0.07732741 -0.20105054  0.11362958 -0.11978732  0.02045525\n",
      "   0.13880219  0.27611159 -0.12607115 -0.07477473]\n",
      " [-0.07732741  2.         -0.12991392  0.02756628  0.28428375  0.0437711\n",
      "  -0.03370972  0.05957874  0.16500783 -0.00408383]\n",
      " [-0.20105054 -0.12991392  2.          0.13750614  0.04793863  0.17989985\n",
      "  -0.16216552 -0.03123753 -0.16342441  0.03335935]\n",
      " [ 0.11362958  0.02756628  0.13750614  2.          0.01633303  0.0603213\n",
      "  -0.00765312 -0.01026859 -0.03150157 -0.11574714]\n",
      " [-0.11978732  0.28428375  0.04793863  0.01633303  2.          0.04722287\n",
      "   0.04740017 -0.07031558 -0.0344646  -0.20818007]\n",
      " [ 0.02045525  0.0437711   0.17989985  0.0603213   0.04722287  2.\n",
      "  -0.21845158  0.1463185  -0.01491171  0.13271156]\n",
      " [ 0.13880219 -0.03370972 -0.16216552 -0.00765312  0.04740017 -0.21845158\n",
      "   2.         -0.30142235  0.01985474 -0.16020939]\n",
      " [ 0.27611159  0.05957874 -0.03123753 -0.01026859 -0.07031558  0.1463185\n",
      "  -0.30142235  2.         -0.15251396  0.04143936]\n",
      " [-0.12607115  0.16500783 -0.16342441 -0.03150157 -0.0344646  -0.01491171\n",
      "   0.01985474 -0.15251396  2.          0.02833658]\n",
      " [-0.07477473 -0.00408383  0.03335935 -0.11574714 -0.20818007  0.13271156\n",
      "  -0.16020939  0.04143936  0.02833658  2.        ]]\n",
      "b: [[ 11.66126043]\n",
      " [  5.50547733]\n",
      " [  7.96369233]\n",
      " [ 11.744889  ]\n",
      " [ -2.74588686]\n",
      " [-11.91012776]\n",
      " [-11.49336809]\n",
      " [ 10.77349558]\n",
      " [-13.68055913]\n",
      " [-10.88835177]]\n",
      "p type: int64\n",
      "Y: 14516.990253164196 0 [1 1 1 1 1 1 1 1 1 1] 0 10 0\n",
      "Y: 14516.990253164196 2 [1 1 1 1 1 2 1 1 1 1] 0 9 1\n",
      "Y: 14516.990253164196 4 [1 1 1 1 1 2 2 1 1 1] 0 8 2\n",
      "Y: 14552.759809067164 5 [1 1 1 1 1 2 2 1 0 1] 1 7 2\n",
      "Y: 14553.783684456726 3 [1 1 1 1 1 2 0 1 1 1] 1 8 1\n",
      "Y: 14553.783684456726 8 [1 1 1 1 1 2 0 1 2 1] 1 7 2\n",
      "Y: 14567.968767536506 1 [1 1 1 1 1 0 1 1 1 1] 1 9 0\n",
      "Y: 14567.968767536506 11 [1 1 1 1 1 0 1 1 2 1] 1 8 1\n",
      "Y: 14567.968767536506 13 [1 1 1 1 1 0 1 1 2 2] 1 7 2\n",
      "Y: 14579.301852922881 9 [1 1 1 0 1 2 0 1 2 1] 2 6 2\n",
      "Y: 14584.535467371265 6 [0 1 1 1 1 2 2 1 0 1] 2 6 2\n",
      "Y: 14589.531068192196 7 [1 1 1 1 1 2 0 1 0 1] 2 7 1\n",
      "Y: 14589.531068192196 18 [2 1 1 1 1 2 0 1 0 1] 2 6 2\n",
      "Y: 14597.655085735114 14 [1 1 1 1 1 0 0 1 2 2] 2 6 2\n",
      "Y: 14599.460168177191 12 [1 1 1 1 1 0 1 1 2 0] 2 7 1\n",
      "Y: 14599.460168177191 22 [2 1 1 1 1 0 1 1 2 0] 2 6 2\n",
      "Y: 14604.116049054646 10 [1 1 1 1 1 0 1 1 0 1] 2 8 0\n",
      "Y: 14604.116049054646 25 [1 1 1 1 1 0 1 1 0 2] 2 7 1\n",
      "Y: 14604.116049054646 27 [2 1 1 1 1 0 1 1 0 2] 2 6 2\n",
      "Y: 14605.496764347834 15 [0 1 1 0 1 2 0 1 2 1] 3 5 2\n",
      "Y: 14614.008410635279 16 [0 1 1 1 1 2 2 1 0 0] 3 5 2\n",
      "Y: 14615.717710435978 19 [2 1 0 1 1 2 0 1 0 1] 3 5 2\n",
      "Y: 14616.027085298312 17 [0 1 1 1 1 2 0 1 0 1] 3 6 1\n",
      "Y: 14616.027085298312 33 [0 1 1 1 1 2 0 2 0 1] 3 5 2\n",
      "Y: 14621.406319202779 20 [1 1 1 0 1 0 0 1 2 2] 3 5 2\n",
      "Y: 14626.02135230092 23 [2 1 1 0 1 0 1 1 2 0] 3 5 2\n",
      "Y: 14627.832340623858 21 [0 1 1 1 1 0 1 1 2 0] 3 6 1\n",
      "Y: 14627.832340623858 38 [0 1 1 2 1 0 1 1 2 0] 3 5 2\n",
      "Y: 14633.750714631644 29 [0 1 1 0 1 2 0 0 2 1] 4 4 2\n",
      "Y: 14633.756366019901 28 [2 1 1 1 1 0 0 1 0 2] 3 5 2\n",
      "Y: 14634.292113396246 26 [0 1 1 1 1 0 1 1 0 2] 3 6 1\n",
      "Y: 14634.292113396246 43 [0 1 1 2 1 0 1 1 0 2] 3 5 2\n",
      "Y: 14636.375072376877 24 [1 1 1 1 1 0 1 1 0 0] 3 7 0\n",
      "Y: 14636.375072376877 46 [2 1 1 1 1 0 1 1 0 0] 3 6 1\n",
      "Y: 14636.375072376877 48 [2 1 1 2 1 0 1 1 0 0] 3 5 2\n",
      "Y: 14645.576814059323 34 [0 1 1 0 1 2 0 2 0 1] 4 4 2\n",
      "Y: 14645.876534510733 31 [2 1 0 0 1 2 0 1 0 1] 4 4 2\n",
      "Y: 14646.632638746272 35 [0 1 1 0 1 0 0 1 2 2] 4 4 2\n",
      "Y: 14647.3322337969 30 [0 1 1 0 1 2 2 1 0 0] 4 4 2\n",
      "Y: 14649.219918725275 39 [0 1 1 2 1 0 0 1 2 0] 4 4 2\n",
      "Y: 14650.629194241727 32 [0 1 1 1 1 2 0 0 0 1] 4 5 1\n",
      "Y: 14650.629194241727 56 [0 1 1 2 1 2 0 0 0 1] 4 4 2\n",
      "Y: 14651.845213800241 36 [2 1 1 0 1 0 0 1 2 0] 4 4 2\n",
      "Y: 14657.941620320862 41 [2 1 1 0 1 0 0 1 0 2] 4 4 2\n",
      "Y: 14658.284747034895 37 [0 1 1 0 1 0 1 1 2 0] 4 5 1\n",
      "Y: 14658.284747034895 61 [0 1 1 0 1 0 2 1 2 0] 4 4 2\n",
      "Y: 14659.386600264574 44 [0 1 1 2 1 0 0 1 0 2] 4 4 2\n",
      "Y: 14661.156766523169 40 [0 1 1 0 1 2 0 0 2 0] 5 3 2\n",
      "Y: 14661.733983345706 42 [0 1 1 0 1 0 1 1 0 2] 4 5 1\n",
      "Y: 14661.733983345706 66 [0 1 1 0 1 0 2 1 0 2] 4 4 2\n",
      "Y: 14661.880940738807 49 [2 1 1 2 1 0 0 1 0 0] 4 4 2\n",
      "Y: 14663.442041062966 47 [2 1 1 0 1 0 1 1 0 0] 4 5 1\n",
      "Y: 14663.442041062966 70 [2 1 1 0 1 0 2 1 0 0] 4 4 2\n",
      "Y: 14668.786195374363 45 [0 1 1 1 1 0 1 1 0 0] 4 6 0\n",
      "Y: 14668.786195374363 72 [0 1 1 2 1 0 1 1 0 0] 4 5 1\n",
      "Y: 14668.786195374363 74 [0 1 1 2 1 0 2 1 0 0] 4 4 2\n",
      "Y: 14670.19753527333 52 [0 1 1 0 1 0 0 0 2 2] 5 3 2\n",
      "Y: 14670.525572801886 58 [2 1 0 0 1 0 0 1 2 0] 5 3 2\n",
      "Y: 14671.756639236599 51 [2 1 0 0 1 2 0 1 0 0] 5 3 2\n",
      "Y: 14672.054147466411 53 [0 1 1 0 1 2 2 0 0 0] 5 3 2\n",
      "Y: 14672.07795028386 54 [0 1 1 2 1 0 0 0 2 0] 5 3 2\n",
      "Y: 14674.280528031502 62 [0 1 1 0 1 0 2 0 2 0] 5 3 2\n",
      "Y: 14674.674526476616 50 [0 1 1 0 1 2 0 2 0 0] 5 3 2\n",
      "Y: 14675.48900958725 57 [0 1 1 2 1 2 0 0 0 0] 5 3 2\n",
      "Y: 14679.347709180382 64 [0 1 0 0 1 2 0 0 2 0] 6 2 2\n",
      "Y: 14679.605120121829 60 [0 1 1 0 1 0 0 1 2 0] 5 4 1\n",
      "Y: 14679.605120121829 82 [0 1 1 0 1 0 0 2 2 0] 5 3 2\n",
      "Y: 14679.828076057494 55 [0 1 1 0 1 2 0 0 0 1] 5 4 1\n",
      "Y: 14679.828076057494 84 [0 1 1 0 1 2 0 0 0 2] 5 3 2\n",
      "Y: 14682.27529939424 59 [2 1 0 0 1 0 0 1 0 2] 5 3 2\n",
      "Y: 14682.499646581811 68 [2 1 1 2 1 0 0 0 0 0] 5 3 2\n",
      "Y: 14682.671579822905 67 [0 1 1 0 1 0 2 0 0 2] 5 3 2\n",
      "Y: 14683.130146843103 71 [2 1 0 0 1 0 2 1 0 0] 5 3 2\n",
      "Y: 14685.248296936592 76 [0 0 1 0 1 0 0 0 2 2] 6 2 2\n",
      "Y: 14685.791321148236 79 [0 0 1 2 1 0 0 0 2 0] 6 2 2\n",
      "Y: 14686.485994843517 77 [2 1 0 0 1 0 0 0 2 0] 6 2 2\n",
      "Y: 14686.98785942498 65 [0 1 1 0 1 0 0 1 0 2] 5 4 1\n",
      "Y: 14686.98785942498 85 [0 1 1 0 1 0 0 2 0 2] 5 3 2\n",
      "Y: 14687.698673356992 80 [0 0 1 0 1 0 2 0 2 0] 6 2 2\n",
      "Y: 14688.649873523933 63 [0 1 1 2 1 0 0 0 0 2] 5 3 2\n",
      "Y: 14689.174152039244 69 [2 1 1 0 1 0 0 1 0 0] 5 4 1\n",
      "Y: 14689.174152039244 86 [2 1 2 0 1 0 0 1 0 0] 5 3 2\n",
      "Y: 14689.626131495255 75 [0 1 1 2 1 0 2 0 0 0] 5 3 2\n",
      "Y: 14689.790285026076 73 [0 1 1 2 1 0 0 1 0 0] 5 4 1\n",
      "Y: 14689.790285026076 87 [0 1 1 2 1 0 0 2 0 0] 5 3 2\n",
      "Y: 14690.864111093839 78 [0 1 0 0 1 2 2 0 0 0] 6 2 2\n",
      "Y: 14693.016989133925 81 [0 0 0 0 1 2 0 0 2 0] 7 1 2\n",
      "Y: 14693.953782967874 83 [0 1 0 0 1 0 0 2 2 0] 6 2 2\n",
      "alg. converged\n",
      "start, end: 2.577076 2.671493\n",
      "xibb: [[0.        ]\n",
      " [0.        ]\n",
      " [0.        ]\n",
      " [0.        ]\n",
      " [0.        ]\n",
      " [6.00639789]\n",
      " [0.        ]\n",
      " [0.        ]\n",
      " [6.88506238]\n",
      " [0.        ]]\n",
      "fibb: 14694.840413119246\n",
      "CPU ibb: 0.09441699999999997\n",
      "ipiv0: [7 2 4 3 8 9 5 1 6 0]\n",
      "ipiv1: []\n",
      "npiv0, npiv00: 10 10\n",
      "alg. converged\n",
      "start, end: 2.671556 2.691609\n",
      "xibbef: [[0.        ]\n",
      " [0.        ]\n",
      " [0.        ]\n",
      " [0.        ]\n",
      " [0.        ]\n",
      " [6.00639789]\n",
      " [0.        ]\n",
      " [0.        ]\n",
      " [6.88506238]\n",
      " [0.        ]]\n",
      "fibbef: 14694.840413119246\n",
      "CPU ibbef: 0.02005300000000032\n",
